index;x;y;z
0;-0.000824;-0.452805;-1.036652
1;0.051224;-0.394638;-1.144150
2;-0.042038;-0.218414;-1.003906
3;-0.025909;-0.290512;-0.901367
4;-0.005722;-0.240387;-0.805038
5;0.050552;-0.231339;-0.759491
6;-0.075256;-0.326080;-0.859344
7;-0.043594;-0.385025;-1.023087
8;-0.170303;-0.433578;-1.166061
9;-0.353012;-0.337982;-1.380081
10;-0.409943;-0.192703;-1.315308
11;-0.747665;-0.021729;-1.301468
12;-0.687027;0.384262;-0.841522
13;-0.484482;0.435715;-0.825714
14;-0.449539;0.011459;-0.721466
15;-0.042465;-0.419449;-0.627472
16;0.621552;-1.403961;-0.809708
17;1.171066;-2.047165;-0.826492
18;0.408051;-1.659119;-1.024231
19;-0.319901;-1.427399;-1.606003
20;-0.622925;-1.281738;-2.222870
21;-0.932144;-1.221848;-1.071976
22;-0.926727;-0.449432;-0.305649
23;-0.566666;0.316818;-0.347534
24;-0.600052;0.835983;-0.299652
25;-0.507446;0.485947;-0.159363
26;-0.570602;-0.101364;-0.993744
27;-0.529739;-0.710678;-1.644089
28;-0.226669;-0.542404;-2.254486
29;0.258743;-0.568604;-1.476212
30;1.318130;-1.189545;-0.588669
31;1.323257;-1.243744;-0.315048
32;0.451843;-1.070160;-0.270142
33;-0.342545;-1.752060;-0.284485
34;-0.563095;-2.007477;-0.658600
35;-0.968567;-1.887085;-0.651276
36;-0.950790;-0.596451;-0.071442
37;-0.422287;0.163681;-0.090500
38;-0.542160;0.532761;-0.066910
39;-0.443344;0.596191;0.082230
40;-1.048050;0.464325;0.045044
41;-2.493561;-1.323624;-0.456726
42;-3.653046;-3.674774;-1.245850
43;-0.652176;-2.357025;-0.196228
44;0.852493;-1.104599;-0.272980
45;1.307800;-0.560089;-0.254715
46;0.971619;-0.423477;0.076599
47;0.170822;-0.968948;-0.332642
48;-1.105499;-2.631546;-0.546478
49;-1.983398;-2.937790;-0.947418
50;-1.510574;-1.455353;-0.313538
51;-0.365219;0.086624;-0.002594
52;-0.529175;0.960251;-0.339859
53;-0.488708;1.300842;0.145004
54;-0.860611;1.076614;-0.199478
55;-1.986725;-0.514954;-0.593201
56;-4.496140;-3.886017;-0.364502
57;-1.079727;-2.699921;-0.385223
58;0.831131;-1.617538;-0.147568
59;1.173203;-1.252457;0.030365
60;0.925400;-0.703323;0.308502
61;0.477829;-0.744904;-0.382751
62;-0.798233;-1.954330;-0.031693
63;-2.350891;-3.141556;-0.970566
64;-2.309067;-2.059387;-0.396851
65;-0.888321;-0.153168;0.151779
66;-0.337601;1.207825;-0.513687
67;-0.371857;1.654022;-0.010834
68;-0.871811;1.187027;-0.105423
69;-1.674850;0.883423;0.073410
70;-4.376419;-2.786713;0.116867
71;-3.153412;-3.188965;-1.471909
72;-0.159058;-1.722351;-0.273376
73;0.840042;-1.216187;-0.433746
74;1.316513;-1.032913;-0.480484
75;0.853271;-0.877625;-0.604935
76;-0.572266;-1.454086;-0.718216
77;-2.354172;-2.685013;-0.406570
78;-3.227600;-2.604202;-0.222565
79;-1.674072;-0.735214;0.261627
80;-0.620819;0.845032;-0.219284
81;-0.536743;1.635986;-0.041626
82;-0.439819;1.539307;0.116241
83;-1.053589;0.997116;0.145065
84;-2.717392;0.097824;0.009216
85;-4.918213;-3.734787;-1.395538
86;-1.460220;-2.585144;-1.066513
87;0.696396;-1.294678;-0.494278
88;1.574692;-0.912994;-0.463181
89;1.313171;-0.602005;-0.571106
90;0.384232;-0.841766;-0.710571
91;-1.005173;-2.015656;-0.792313
92;-2.666809;-2.984222;-1.022308
93;-3.384384;-2.302582;-0.383102
94;-1.451050;-0.091949;-0.071487
95;-0.674133;1.240891;-0.240509
96;-0.602875;1.725464;0.362946
97;-0.705536;1.559174;0.011429
98;-1.379272;0.767441;0.109436
99;-3.525406;-1.873672;0.065887
100;-3.936661;-4.018387;-1.721817
101;-0.699280;-2.467438;-0.517395
102;1.146637;-1.255585;-0.375946
103;1.955414;-0.637344;-0.573608
104;1.169083;-0.523529;-0.531891
105;-0.001007;-1.221832;-0.538315
106;-1.797363;-2.965134;-0.697113
107;-3.140152;-3.303482;-0.890976
108;-1.965912;-1.006668;-0.177124
109;-0.599258;0.627838;-0.071823
110;-0.638687;1.714386;-0.143280
111;-0.894257;1.742401;0.025848
112;-1.776810;1.130707;0.029831
113;-4.130219;-2.133392;0.157639
114;-4.032791;-3.763092;-1.715393
115;-0.519043;-2.457428;-0.225418
116;1.141159;-1.423416;-0.486084
117;1.757355;-0.980087;-0.344055
118;1.122391;-0.798721;-0.486954
119;-0.293793;-1.632339;-0.652496
120;-2.662872;-3.436371;-0.593109
121;-3.740662;-2.576538;-0.368896
122;-1.718979;-0.373383;0.110321
123;-0.561127;0.888184;-0.190948
124;-0.683624;1.710785;-0.252823
125;-0.667587;1.455383;-0.266174
126;-1.618225;0.586746;-0.085648
127;-2.667480;-2.472794;-0.746307
128;-2.580185;-4.062851;-0.757339
129;-0.078461;-1.990158;-0.418594
130;0.857162;-0.835083;-0.354401
131;1.220642;-0.513885;0.177536
132;0.908569;-0.413528;-0.067688
133;0.064514;-1.327423;-0.441010
134;-2.059998;-3.362656;-0.629639
135;-2.754898;-2.640961;-0.912827
136;-0.949158;-0.412415;-0.105957
137;-0.308502;0.615646;-0.082031
138;-0.607025;1.070068;-0.040817
139;-0.429443;0.992691;0.222061
140;-0.759033;0.601089;-0.010574
141;-2.120956;-0.446960;-0.016098
142;-3.768982;-3.820831;-1.090240
143;-0.759567;-2.445755;-0.586151
144;0.525879;-1.226547;-0.180801
145;1.304337;-0.618729;-0.131714
146;1.097488;-0.420624;-0.011826
147;0.339386;-0.734497;-0.317520
148;-0.777054;-2.250381;-0.409119
149;-2.347534;-3.167633;-1.143433
150;-2.022491;-1.835724;-0.356964
151;-0.865753;-0.030762;0.009476
152;-0.588730;1.090805;-0.329086
153;-0.487640;1.484116;0.009277
154;-0.906677;1.074615;-0.180710
155;-1.953522;0.374802;-0.138031
156;-4.673950;-3.965805;-0.579727
157;-1.446594;-2.856430;-1.506317
158;0.528870;-1.565247;-0.464172
159;1.679565;-0.709793;-0.404861
160;1.494110;-0.484833;-0.496017
161;0.556305;-0.955841;-1.090607
162;-1.367935;-2.729553;-1.204010
163;-2.648499;-2.938232;-1.511063
164;-2.443619;-1.311508;-0.803604
165;-0.914810;0.389740;-0.126862
166;-0.490829;1.194077;-0.121307
167;-0.474609;1.442566;0.103241
168;-0.830917;1.015732;-0.059616
169;-1.901733;0.704895;-0.152985
170;-4.718109;-3.743240;-1.325012
171;-1.697433;-3.315018;-1.554062
172;0.251984;-1.559006;-0.383255
173;1.441986;-0.591721;-0.107590
174;1.337677;-0.257553;-0.001862
175;0.814728;-0.666779;-0.387573
176;-0.790054;-2.378403;-0.922531
177;-2.515701;-3.334930;-1.626175
178;-2.081573;-1.639420;-1.258728
179;-1.068558;-0.119675;-0.210236
180;-0.811218;0.927139;-0.209610
181;-0.618866;1.628326;0.249557
182;-0.895706;1.153976;-0.059387
183;-1.597427;0.531555;0.034042
184;-4.081848;-3.327484;-0.812714
185;-1.932114;-3.442245;-1.418564
186;0.303970;-1.666901;-0.310730
187;1.139603;-0.939041;-0.372604
188;1.404037;-0.616608;-0.218719
189;0.760040;-0.957504;-0.224350
190;-0.786270;-2.176895;-0.289047
191;-2.070862;-2.906128;-0.875992
192;-2.257187;-2.161957;-0.278564
193;-0.980103;-0.215088;-0.198349
194;-0.486771;0.898407;-0.464981
195;-0.304794;1.574448;0.077896
196;-0.563690;1.113953;-0.193924
197;-1.748322;0.615036;0.378769
198;-3.688522;-2.889755;-0.590836
199;-2.370056;-4.084961;-1.206329
200;0.408493;-1.758240;-0.127762
201;1.164413;-0.868591;-0.280701
202;1.327545;-0.450073;-0.145416
203;0.695679;-0.830597;-0.612793
204;-0.538177;-2.259720;-0.735687
205;-1.220718;-2.681519;-1.111694
206;-2.086182;-2.202652;-0.924423
207;-1.075806;-0.374741;0.056442
208;-0.426071;0.811127;-0.262756
209;-0.556076;1.373947;-0.029358
210;-0.769806;1.060760;-0.069366
211;-1.864548;0.657120;0.164673
212;-4.683105;-2.070770;-0.097717
213;-3.342667;-3.822189;-1.326538
214;0.183517;-2.260117;-0.317688
215;1.380768;-1.440842;-1.360672
216;1.655518;-0.999084;-0.725342
217;0.695343;-1.019897;-0.414902
218;-0.594101;-1.935013;-0.453613
219;-2.167313;-3.219467;-0.654648
220;-3.420837;-2.502487;-0.797165
221;-1.770859;-0.654800;-0.280243
222;-0.653183;0.909943;-0.382202
223;-0.660446;1.364532;-0.182632
224;-0.533737;1.313690;-0.126770
225;-1.072266;0.728058;-0.149368
226;-2.026581;-0.499496;-0.149200
227;-4.419754;-3.440720;-0.737381
228;-1.833038;-2.858002;-0.663315
229;0.580765;-1.591431;-0.233994
230;1.440781;-1.125427;-0.841003
231;1.240189;-1.047699;-0.741745
232;0.055069;-1.292358;-0.629883
233;-1.520126;-2.556717;-0.581848
234;-2.751633;-2.577820;-1.361328
235;-2.323761;-1.213272;-0.498779
236;-0.965729;0.574524;-0.146027
237;-0.565033;1.299866;-0.171066
238;-0.531235;1.272736;0.149887
239;-0.631683;0.767624;-0.037781
240;-1.540726;0.072037;0.074921
241;-3.529495;-2.579254;-0.661911
242;-2.157654;-2.783035;-0.646393
243;-0.226761;-1.742828;-0.297012
244;0.839676;-1.181030;-0.514526
245;1.138855;-1.056168;-0.439056
246;0.502136;-0.988861;-0.584747
247;-0.623566;-1.533798;-0.261780
248;-2.305130;-2.756866;-0.922150
249;-2.739914;-2.046997;-0.964951
250;-1.379959;-0.423752;-0.332291
251;-0.340469;0.709579;-0.313324
252;-0.484192;1.287384;-0.043213
253;-0.309937;1.201996;0.156204
254;-0.746094;0.781219;0.020554
255;-1.928024;-0.355881;-0.163376
256;-4.282211;-3.266785;-1.289383
257;-1.629486;-2.574036;-0.298233
258;0.470749;-1.397858;0.053436
259;1.458374;-1.093536;-0.024231
260;1.373260;-0.989639;-0.274261
261;0.204803;-1.301987;-0.459015
262;-1.422485;-2.302597;-0.774414
263;-3.140823;-3.137299;-1.461853
264;-2.242233;-0.979324;-0.668915
265;-0.735062;0.751968;-0.299957
266;-0.417999;1.174072;-0.061493
267;-0.464371;1.225052;0.130142
268;-0.515564;0.864395;-0.104691
269;-1.693573;0.892303;-0.140640
270;-4.012283;-3.300385;-0.328491
271;-2.378799;-3.525131;-0.245087
272;0.089691;-1.822952;-0.198044
273;1.264297;-1.309875;-0.623306
274;1.236374;-1.028442;-0.487198
275;0.190796;-1.251099;-0.565216
276;-1.341858;-2.011032;-0.569427
277;-3.640091;-2.552628;0.027679
278;-2.961380;-0.671692;0.237732
279;-0.631287;0.599762;-0.114243
280;0.188110;1.249924;-0.199631
281;0.097656;1.418747;-0.172989
282;-0.345184;0.844315;-0.018448
283;-1.574097;0.653168;0.435059
284;-3.947540;-1.383972;0.085495
285;-3.464935;-2.216293;-0.654984
286;-0.710434;-1.438385;-0.078552
287;0.481262;-1.215317;-0.490875
288;1.098709;-0.964722;-0.607941
289;0.566010;-0.783600;-0.686920
290;-0.858383;-1.370880;-0.587173
291;-2.551285;-2.295517;-0.598846
292;-3.345993;-1.609360;-0.543365
293;-1.653061;-0.035934;-0.144867
294;-0.369492;0.967316;-0.044357
295;-0.214920;1.620224;-0.027740
296;-0.082993;1.358795;0.023941
297;-0.992645;0.880997;0.042816
298;-2.749466;-0.057602;-0.181076
299;-4.153931;-3.119003;-0.959793
300;-1.247223;-2.203461;-0.798096
301;0.727158;-1.500259;-0.292847
302;1.171799;-1.329239;-0.631973
303;0.690353;-1.362442;-0.692093
304;-0.526031;-1.512512;-0.525925
305;-2.198792;-1.971268;-0.682770
306;-3.310226;-2.361481;-0.575897
307;-2.035339;-0.829803;-0.262726
308;-0.691849;0.664139;-0.326996
309;-0.509308;1.285477;-0.136917
310;-0.433090;1.570175;0.084488
311;-0.613342;1.017227;-0.063889
312;-2.156845;0.091690;0.197327
313;-4.576019;-3.003693;-0.315460
314;-2.125061;-2.925766;-0.884247
315;0.422211;-1.584702;-0.388779
316;1.330017;-1.338791;-0.317368
317;1.150101;-0.930923;-0.406586
318;0.133270;-1.043610;-0.500107
319;-0.948883;-1.766083;-0.477020
320;-2.581146;-2.995361;-0.943710
321;-2.898346;-1.869659;-1.008743
322;-1.249603;0.171387;-0.126511
323;-0.498230;1.267426;-0.157928
324;-0.596161;1.807312;0.372864
325;-0.691895;1.224640;0.075378
326;-1.542389;0.497620;-0.029205
327;-4.557404;-2.483780;-0.720093
328;-2.652512;-3.366592;-0.958755
329;-0.207291;-1.766571;-0.403931
330;1.140518;-1.163162;-0.519745
331;1.587555;-1.030380;-0.639389
332;0.592056;-1.167801;-0.822113
333;-0.934326;-1.881302;-0.724747
334;-3.250916;-3.397781;-0.841980
335;-2.876953;-1.725082;-0.608734
336;-1.151718;0.175583;-0.220123
337;-0.121536;0.926224;0.011856
338;-0.457306;1.106949;0.259842
339;-0.442520;1.073914;0.149536
340;-1.294525;0.916168;0.123291
341;-2.775635;-1.645813;-0.108368
342;-3.094040;-3.931610;-0.312790
343;-0.779785;-2.407791;0.233856
344;1.048508;-1.327148;-0.195236
345;1.550461;-0.987717;-0.376724
346;1.196289;-0.996887;-0.667160
347;-0.240005;-1.578552;-0.511978
348;-1.773804;-3.010071;-0.504623
349;-2.744064;-2.761871;-0.728027
350;-1.807831;-0.589722;-0.159622
351;-0.509567;1.162643;-0.153458
352;-0.743591;1.521484;0.066284
353;-0.662857;1.284988;0.025238
354;-1.180588;0.799866;0.191360
355;-2.722610;-0.498215;0.094452
356;-4.093063;-3.311050;-0.129852
357;-1.771622;-2.009109;-1.892014
358;0.048325;-1.599228;-1.100159
359;0.935867;-1.027740;-1.332321
360;0.511246;-1.077148;-1.130722
361;-0.420044;-1.494614;-0.833038
362;-2.140732;-2.178772;-0.927856
363;-3.243973;-2.168915;-0.874283
364;-2.095490;-0.529663;-0.257187
365;-0.615982;0.924927;-0.055283
366;-0.672470;1.369598;0.058014
367;-0.515244;1.349594;0.156326
368;-1.013931;0.905640;-0.062775
369;-2.408493;-0.576126;-0.143188
370;-4.318893;-3.554489;-0.977280
371;-1.337143;-2.585846;-0.385941
372;0.660370;-1.385498;0.018112
373;1.316620;-1.089630;-0.143478
374;1.188339;-0.712830;-0.192703
375;0.118515;-1.167130;-0.431030
376;-1.042068;-2.257309;-0.421341
377;-2.627335;-3.202560;-0.666672
378;-2.637115;-2.052811;-0.792450
379;-1.287537;0.193054;-0.183685
380;-0.586151;1.346725;-0.169113
381;-0.764648;1.370041;0.068207
382;-0.505173;0.911530;0.013840
383;-1.484772;0.145538;0.134995
384;-2.986481;-2.702744;-0.512299
385;-1.955383;-3.024643;-1.186676
386;-0.034317;-1.576309;-0.221970
387;0.925079;-1.100906;-0.313812
388;1.110703;-0.646561;-0.327637
389;0.687973;-0.884430;-0.293823
390;-0.437805;-1.826309;-0.291702
391;-2.100800;-3.152115;-0.655365
392;-2.431320;-2.275421;-0.927399
393;-1.212875;-0.332336;-0.281235
394;-0.545944;0.929153;-0.216934
395;-0.378876;1.053497;-0.087524
396;-0.389252;0.884430;0.016800
397;-1.014252;0.507782;0.174438
398;-2.350983;-1.353973;-0.334244
399;-2.946091;-3.061020;-0.824844
400;-0.872055;-1.850449;-0.841202
401;0.253937;-1.367538;-0.404419
402;1.043030;-1.248886;-0.292648
403;0.939316;-0.938507;-0.440872
404;-0.001022;-1.327423;-0.569946
405;-1.564728;-2.098633;-0.836761
406;-2.479889;-2.157516;-1.759735
407;-1.971817;-0.694275;-1.091461
408;-0.705688;0.635117;-0.234833
409;-0.388641;0.975098;0.034317
410;-0.322189;1.006363;0.130966
411;-0.522629;0.690155;0.017731
412;-1.671341;0.327194;-0.238617
413;-3.055695;-2.267441;-1.507339
414;-2.397507;-2.659348;-0.729462
415;-0.012070;-1.600601;-0.309814
416;0.842865;-1.274384;-0.102493
417;1.201462;-0.931488;-0.002960
418;0.684921;-0.864258;-0.335587
419;-0.940094;-1.991913;-0.776077
420;-1.980087;-3.420074;-1.316864
421;-2.164581;-1.972794;-1.188232
422;-1.075684;-0.134872;-0.480896
423;-0.907578;0.863220;-0.262558
424;-0.649948;1.273178;-0.168335
425;-0.524063;0.684296;-0.000076
426;-0.970108;-0.907394;-0.259674
427;-1.545364;-2.645950;-0.217117
428;-1.169235;-2.281387;-0.222549
429;-0.130157;-1.126770;-0.261444
430;0.860718;-0.714035;-0.038788
431;1.197891;-0.905334;-0.186905
432;0.954193;-1.278076;-0.425919
433;-0.204086;-1.889587;-0.674911
434;-0.862625;-2.590988;-0.879898
435;-1.654953;-2.155640;-1.451538
436;-1.326340;-0.184570;-0.371063
437;-0.387009;0.664917;-0.084518
438;-0.766663;1.190247;0.113632
439;-0.632172;0.832809;0.135452
440;-1.221909;0.509171;0.173370
441;-3.529114;-2.774445;-0.424744
442;-2.092041;-3.338333;-1.494629
443;-0.152481;-1.934021;-0.370087
444;0.892014;-1.128403;-0.308426
445;1.211105;-0.633423;-0.205200
446;0.780655;-0.805115;-0.309387
447;-0.446945;-1.718460;-0.387375
448;-1.476379;-2.561172;-0.907700
449;-2.611008;-2.079712;-1.710556
450;-1.550613;-0.067719;-0.563950
451;-0.475021;0.715759;-0.027405
452;-0.770935;1.106918;0.148346
453;-0.287628;0.892120;0.392807
454;-1.199234;0.530151;0.406494
455;-2.641937;-1.580002;-0.246872
456;-3.606766;-3.073959;-1.462189
457;-0.700348;-1.821747;-0.333511
458;0.857849;-1.132355;-0.196289
459;1.471649;-0.964890;-0.380325
460;1.193085;-1.110931;-0.488983
461;-0.498489;-1.903214;-0.692749
462;-1.813248;-2.611633;-0.592361
463;-2.597794;-2.286209;-0.758377
464;-1.861282;-0.689835;-0.435196
465;-0.696823;0.697952;-0.248932
466;-0.480988;1.182922;-0.013519
467;-0.607651;1.088760;-0.070648
468;-0.983887;0.643997;-0.000473
469;-2.163864;0.208115;0.076294
470;-4.760391;-3.333206;-0.887924
471;-1.414719;-3.285690;-0.810501
472;0.504028;-1.762375;-0.657990
473;1.280533;-1.354904;-0.397552
474;0.805084;-1.285934;-0.380630
475;-0.422440;-1.824249;-0.539825
476;-1.955139;-2.395126;-0.693680
477;-3.003967;-2.511383;-1.200058
478;-2.148880;-1.045807;-0.805405
479;-0.811432;0.617584;-0.426544
480;-0.324310;1.396423;-0.209183
481;-0.585968;1.504669;-0.078415
482;-0.642426;1.094223;-0.131729
483;-1.867584;0.700394;0.083328
484;-4.527496;-3.243759;-0.674606
485;-2.757660;-3.193130;-1.766342
486;-0.176117;-1.871811;-0.398712
487;1.424072;-1.334518;-0.385727
488;1.243713;-1.263702;-0.675705
489;0.072510;-1.232864;-0.684540
490;-1.161148;-1.852066;-0.704590
491;-2.756439;-2.940216;-0.926193
492;-2.986221;-2.017975;-0.993835
493;-1.468872;0.087250;-0.355637
494;-0.486740;1.233353;-0.205002
495;-0.868439;1.730652;-0.146484
496;-0.588745;1.195465;-0.154266
497;-1.686417;0.526291;0.078278
498;-3.121719;-2.224106;-0.402573
499;-3.121277;-3.887756;-1.175354
500;-0.484436;-1.984634;-0.493286
501;0.840637;-0.933578;-0.434326
502;1.484299;-0.462845;-0.436050
503;1.329849;-0.565643;-0.480896
504;-0.038055;-1.527802;-0.412949
505;-1.897461;-3.231384;-0.945770
506;-3.080719;-3.203568;-0.894272
507;-2.169556;-0.923599;-0.464355
508;-0.767838;1.053223;-0.410675
509;-0.383942;1.735886;-0.016281
510;-0.626175;1.694031;0.031464
511;-1.183075;0.986267;0.038208
512;-2.488266;-0.332840;0.260880
513;-4.934967;-3.440170;-0.637726
514;-2.208237;-3.065598;-0.355179
515;0.584763;-1.677094;-0.600876
516;1.407394;-1.414108;-0.529617
517;1.151138;-1.092484;-0.247879
518;0.096481;-1.061432;-0.075836
519;-1.231491;-2.289429;-0.123260
520;-3.398407;-3.279770;-0.698853
521;-3.133957;-1.547867;-1.161652
522;-1.570435;0.545547;-0.405838
523;-0.323044;1.970886;-0.156097
524;-0.264313;1.997391;0.279587
525;-0.736710;1.222015;-0.154266
526;-1.849792;0.674286;0.177261
527;-3.794495;-0.856354;-0.834305
528;-4.259903;-2.359131;-1.599106
529;-1.249390;-1.838226;-0.772049
530;0.560257;-1.807892;-0.529388
531;0.914764;-1.674042;-0.640167
532;0.076416;-1.602310;-0.961624
533;-1.571350;-1.796707;-0.653259
534;-3.174957;-2.309189;-0.500748
535;-3.732437;-1.901123;-0.786957
536;-2.038116;-0.140793;-0.455292
537;-0.416183;0.993240;-0.690323
538;-0.472977;2.125565;-0.316360
539;-0.264023;1.929642;-0.244598
540;-1.405426;1.243500;-0.268295
541;-3.223907;-0.222610;-0.098801
542;-5.391266;-3.150955;-1.358856
543;-1.854187;-2.868698;-0.835327
544;0.673660;-1.661438;-0.424347
545;1.712753;-1.418976;-0.364563
546;1.054337;-1.259933;-0.528885
547;-0.130402;-1.519470;-0.603165
548;-1.715240;-2.577591;-0.787933
549;-3.200592;-3.129272;-1.033249
550;-2.965652;-1.528030;-1.121994
551;-1.292480;0.479538;-0.697098
552;-0.477570;1.548477;-0.280945
553;-0.555908;1.860825;-0.092773
554;-0.397659;1.116028;-0.193771
555;-2.096710;0.821899;-0.056412
556;-3.866150;-2.201965;-1.232162
557;-3.745056;-3.750290;-2.186111
558;-0.336853;-2.019943;-0.477936
559;1.417435;-1.297928;-0.886108
560;1.881134;-0.996063;-0.761551
561;0.474091;-1.296219;-0.780670
562;-0.795731;-2.008377;-0.563461
563;-2.385376;-3.161606;-1.028351
564;-3.604919;-2.436218;-1.543762
565;-2.038513;-0.162949;-0.621368
566;-0.654312;1.345398;-0.335617
567;-0.514771;1.755051;-0.067184
568;-0.406128;1.379074;0.042297
569;-1.770615;0.888031;0.075424
570;-3.749954;-1.514847;0.049103
571;-3.590790;-3.013641;-1.550995
572;-1.147995;-2.648819;-0.668869
573;0.919434;-1.568954;-1.028244
574;1.541153;-1.349091;-0.780777
575;0.749527;-1.111908;-0.524948
576;-0.506104;-1.575485;-0.434708
577;-1.690170;-2.663376;-0.463409
578;-3.015915;-2.971558;-1.090637
579;-2.532639;-1.254471;-0.362808
580;-1.092926;0.677719;-0.198242
581;-0.346344;1.679581;-0.240921
582;-0.570389;1.571991;-0.040649
583;-0.836044;0.921158;-0.092926
584;-2.141815;0.059479;0.125870
585;-4.649796;-3.313477;-0.475739
586;-2.147629;-3.041794;-1.453262
587;0.516037;-1.711716;-0.332809
588;1.162140;-1.326859;-0.741272
589;1.357025;-1.103531;-0.497330
590;0.108582;-1.505600;-0.119629
591;-1.077667;-2.516830;-0.610001
592;-2.549423;-3.108658;-0.986633
593;-2.715729;-1.827423;-0.701996
594;-1.475494;0.071854;-0.375671
595;-0.594803;1.223541;-0.364944
596;-0.451904;1.584900;0.116760
597;-0.524597;1.355301;0.012222
598;-1.505356;0.738983;-0.044022
599;-3.506485;-3.053635;-0.597672
600;-3.357925;-3.882996;-1.310837
601;-0.397430;-2.119476;-0.627151
602;1.284210;-1.306290;-0.220581
603;1.587585;-0.835281;-0.425781
604;0.933029;-0.705032;-0.590973
605;-0.301010;-1.200531;-0.387558
606;-1.440094;-3.046509;-0.894730
607;-3.172501;-3.251282;-0.914337
608;-1.824051;-0.627777;-0.129791
609;-0.654114;0.938446;-0.384644
610;-0.489090;1.354294;-0.129562
611;-0.649231;1.245605;0.124741
612;-0.991028;1.040359;0.025452
613;-2.087082;0.478088;-0.107040
614;-5.716721;-3.204300;-0.841812
615;-2.435089;-3.304657;-1.402344
616;0.463562;-1.589478;-0.401138
617;1.397354;-1.292999;-0.565979
618;1.167114;-1.206421;-0.663315
619;-0.101822;-1.184021;-0.511337
620;-1.195358;-2.237534;-0.259659
621;-3.483429;-3.557938;-0.667450
622;-2.834915;-1.492081;-0.597717
623;-1.494400;0.230652;-0.355453
624;-0.530136;1.536331;-0.304321
625;-0.691711;2.072540;0.082520
626;-0.724274;1.360306;-0.140381
627;-2.192322;0.810043;0.222351
628;-4.164505;-2.356995;-0.916824
629;-3.646042;-3.534180;-1.944305
630;-0.538803;-2.169891;-0.395111
631;1.109314;-1.468323;-0.449829
632;1.395676;-1.262650;-0.521988
633;0.405045;-1.051605;-0.569366
634;-0.504471;-1.311523;-0.404282
635;-1.914093;-2.937256;-0.633469
636;-3.182922;-2.612244;-0.705750
637;-1.989929;-0.744125;-0.323395
638;-0.764099;0.878265;-0.431046
639;-0.653549;1.263428;-0.120087
640;-0.435211;1.317856;0.264908
641;-0.858170;0.912918;0.077347
642;-2.035599;0.057129;-0.052399
643;-4.024979;-3.406860;-0.874756
644;-1.857162;-3.132874;-1.138123
645;0.264709;-1.816910;0.147842
646;1.299240;-1.482925;-0.499542
647;1.084366;-1.259964;-0.494553
648;0.091736;-1.295425;-0.605286
649;-1.336639;-2.228455;-0.692001
650;-2.726471;-2.964172;-0.688614
651;-2.549255;-1.612778;-0.361725
652;-1.235306;0.377518;-0.367722
653;-0.406296;1.314056;-0.134964
654;-0.801117;1.579178;0.129120
655;-0.740265;0.922256;-0.034439
656;-1.353622;0.514923;0.226868
657;-4.023483;-2.274796;-0.436066
658;-3.604095;-3.556793;-2.094177
659;-0.800156;-2.059341;-0.119537
660;1.162094;-1.347260;-0.082321
661;1.742142;-1.288727;-0.321014
662;0.540680;-1.457230;-0.596832
663;-0.561966;-1.792313;-0.561783
664;-1.946930;-2.387970;-0.927338
665;-3.101227;-2.408188;-1.393326
666;-1.940430;-0.467224;-0.452988
667;-0.690628;1.118774;-0.207153
668;-0.612274;1.554428;0.110580
669;-0.587845;1.170731;0.107178
670;-1.118347;0.653458;0.053665
671;-2.431641;-0.238739;-0.201828
672;-4.836258;-3.434799;-1.409500
673;-1.665405;-2.798035;-0.994156
674;0.881699;-1.568161;-0.222626
675;1.480423;-1.336365;-0.503204
676;0.925308;-1.089966;-0.265335
677;-0.070877;-1.133057;-0.311676
678;-1.521271;-2.259125;-0.582031
679;-3.305466;-2.933914;-1.576187
680;-2.343094;-1.102188;-0.907837
681;-0.862381;0.762909;-0.257889
682;-0.351120;1.334305;-0.138000
683;-0.584274;1.494537;0.136414
684;-0.954163;0.971100;0.009537
685;-1.837616;0.485168;-0.040222
686;-4.751709;-3.146942;-0.468338
687;-2.458023;-3.074738;-1.380356
688;0.416489;-1.857147;0.056396
689;1.093948;-1.280655;-0.290726
690;1.454926;-1.063507;-0.548294
691;0.122574;-1.141449;-0.607224
692;-0.787537;-1.639801;-0.585724
693;-2.654388;-2.918030;-0.816833
694;-2.888168;-2.081924;-0.843521
695;-1.393799;-0.015488;-0.254578
696;-0.688339;1.305267;-0.224304
697;-0.467361;1.688965;0.256805
698;-0.747452;1.171509;0.002533
699;-1.578796;0.769562;-0.044357
700;-4.461060;-2.650345;-1.029999
701;-2.897507;-3.385147;-1.908737
702;-0.125183;-2.030090;-0.342590
703;1.405487;-1.295944;-0.518723
704;1.514603;-1.016327;-0.502930
705;0.398392;-1.210236;-0.705383
706;-0.798065;-1.828278;-0.750793
707;-2.450012;-3.099411;-0.885162
708;-2.954514;-2.163910;-1.038681
709;-1.525787;0.261917;-0.310791
710;-0.348679;1.495346;-0.233734
711;-0.635178;1.744766;0.113678
712;-0.806732;1.159256;-0.067947
713;-1.773087;0.557831;0.205750
714;-3.829391;-2.150131;-0.905869
715;-3.180542;-3.383041;-1.714584
716;-0.663177;-1.900925;-0.605072
717;1.023026;-1.131699;-0.533310
718;1.323792;-0.998032;-0.617188
719;0.878281;-1.002853;-0.626831
720;-0.292542;-1.372284;-0.685867
721;-1.725433;-2.253479;-0.570923
722;-3.088852;-2.805878;-1.374420
723;-2.058609;-0.942719;-0.619522
724;-0.804108;0.842316;-0.124908
725;-0.548965;1.617691;0.018402
726;-0.506546;1.732330;0.250763
727;-1.298721;1.148438;0.064850
728;-3.119446;-0.430908;-0.419968
729;-5.082504;-4.169785;-1.444214
730;-1.037003;-2.348877;-1.334595
731;1.159821;-1.654053;-0.101852
732;1.631027;-1.205826;-0.281372
733;1.139099;-1.000427;-0.628357
734;-0.277817;-1.411407;-0.461624
735;-1.633026;-2.687881;-0.812408
736;-3.147263;-3.225372;-1.146729
737;-2.124313;-0.976898;-0.554901
738;-0.963730;0.842667;-0.333237
739;-0.592789;1.457977;-0.155426
740;-0.742447;1.463165;0.062332
741;-1.363464;0.852463;-0.147781
742;-2.588272;-0.975983;-0.447418
743;-3.529770;-3.176407;-0.576294
744;-1.603058;-2.691635;-0.995987
745;0.476318;-1.594879;-0.377319
746;1.288528;-1.334549;-0.592834
747;1.239136;-1.303925;-0.697205
748;-0.076981;-1.465210;-0.505753
749;-1.442627;-2.508133;-0.925919
750;-3.175018;-3.047714;-0.984207
751;-2.578705;-1.661560;-0.667236
752;-1.244156;0.327759;-0.711731
753;-0.635391;1.370483;-0.225235
754;-0.680191;1.979233;0.168869
755;-0.828201;1.411087;-0.238297
756;-1.880356;0.425919;0.101486
757;-4.957077;-3.250320;-0.855118
758;-2.489624;-3.368591;-1.334610
759;0.183136;-1.700272;-0.427383
760;1.269440;-1.200439;-0.513596
761;1.542252;-0.958603;-0.507935
762;0.633057;-0.994888;-0.420074
763;-0.648285;-1.777069;-0.400421
764;-1.797714;-3.004059;-0.908310
765;-3.109940;-2.532120;-1.580444
766;-1.494293;-0.204330;-0.532516
767;-0.628586;1.117310;-0.241882
768;-0.794556;1.690323;0.106216
769;-0.456253;1.397156;0.094101
770;-1.696396;0.889389;-0.025940
771;-3.493973;-2.239288;-0.850189
772;-3.746964;-3.602371;-2.188675
773;-0.701385;-2.208084;-0.252029
774;1.473221;-1.348587;0.223022
775;1.464401;-0.967514;-0.163956
776;0.697525;-0.981827;-0.549881
777;-0.547073;-1.763824;-0.370102
778;-1.827774;-2.881653;-0.283615
779;-2.767883;-2.695663;-1.011353
780;-2.001328;-0.768570;-0.268143
781;-0.587433;0.834351;-0.214218
782;-0.793594;1.496246;-0.070633
783;-0.413666;1.333893;0.071945
784;-1.102142;0.776062;0.058304
785;-2.465988;-0.691360;-0.272369
786;-4.074753;-3.095734;-1.079620
787;-1.569595;-2.625702;-1.185364
788;0.193497;-1.744400;-0.038223
789;1.426422;-1.328552;-0.387024
790;1.438858;-0.971512;-0.291412
791;0.340500;-1.041840;-0.676468
792;-0.999832;-2.064621;-0.728897
793;-3.028229;-3.351074;-1.141083
794;-3.146286;-2.077576;-1.037964
795;-1.360168;0.142776;-0.277573
796;-0.506943;1.452408;-0.161957
797;-0.749115;1.576157;0.269287
798;-0.626648;1.113571;0.192215
799;-1.533478;0.611069;0.151550
800;-3.511902;-2.212540;-0.898743
801;-2.762711;-3.363800;-2.127213
802;-0.455505;-2.277267;-0.440033
803;1.194473;-1.280472;-0.337616
804;1.379333;-0.834808;-0.245941
805;0.893478;-0.718781;-0.097031
806;-0.310333;-1.698257;-0.239243
807;-2.230896;-3.142532;-0.784744
808;-3.030777;-2.440659;-1.415573
809;-1.798157;-0.577774;-0.409607
810;-0.567322;0.922501;-0.304947
811;-0.528503;1.454498;-0.033829
812;-0.349335;1.267975;0.119675
813;-0.945084;0.774567;-0.017960
814;-2.316666;-0.473465;-0.232666
815;-4.018784;-3.520386;-1.306870
816;-1.423904;-2.577881;-1.388489
817;0.567307;-1.448196;-0.083023
818;1.267090;-1.082169;-0.173904
819;1.192078;-0.834274;-0.122147
820;0.125214;-1.207352;-0.339951
821;-1.002106;-2.383759;-0.388580
822;-2.263870;-2.984634;-0.951263
823;-2.437195;-1.915894;-0.773132
824;-1.032516;0.190323;-0.154602
825;-0.484329;1.203522;-0.353699
826;-0.581619;1.499329;0.110535
827;-0.741882;1.095337;-0.068481
828;-1.724319;0.702560;0.067963
829;-3.924957;-2.925690;-0.787079
830;-2.184280;-4.025284;-1.172623
831;0.205719;-1.774399;-0.379883
832;1.301849;-1.090027;-0.681290
833;1.584564;-0.853027;-0.478516
834;0.550095;-1.146591;-0.266220
835;-0.520157;-1.985397;-0.376099
836;-1.883942;-3.032837;-0.725693
837;-2.443497;-2.312134;-0.737625
838;-1.220291;-0.044937;-0.163147
839;-0.316956;0.820267;-0.248138
840;-0.877914;1.173279;-0.013428
841;-0.476257;1.000153;0.166321
842;-1.217056;0.569382;0.093246
843;-2.607254;-1.477600;-0.390152
844;-3.712036;-3.636932;-1.020981
845;-0.912079;-2.063538;-1.188156
846;0.612701;-1.382111;-0.712540
847;1.431427;-1.084198;-0.534882
848;1.029617;-1.032089;-0.477219
849;0.109329;-1.302399;-0.537918
850;-1.320572;-2.235764;-0.944077
851;-1.878891;-2.851746;-1.267502
852;-2.505386;-1.634491;-0.660995
853;-0.995651;0.609406;-0.276733
854;-0.881958;1.246826;-0.022064
855;-0.603149;1.253555;0.346848
856;-0.908951;0.851593;0.194046
857;-2.197769;-0.017548;-0.138382
858;-4.565674;-3.468536;-1.005524
859;-1.443481;-2.947968;-0.772217
860;0.753494;-1.822250;-0.471115
861;1.203918;-1.482025;-0.588791
862;1.034622;-1.210785;-0.388809
863;-0.085449;-1.362442;-0.398834
864;-1.163895;-1.832657;-0.770538
865;-2.627686;-3.009460;-0.943253
866;-2.587387;-1.617935;-0.866257
867;-0.965714;0.573563;-0.115891
868;-0.302933;1.222717;0.064713
869;-0.721863;1.380737;0.189911
870;-0.556580;0.842545;0.043655
871;-1.536301;0.507874;-0.018799
872;-3.069107;-2.060333;-0.425247
873;-3.657806;-3.479828;-1.378601
874;-0.907455;-2.175308;-0.117218
875;0.725739;-1.156082;-0.224045
876;1.510910;-0.893478;-0.201080
877;1.180939;-0.774750;-0.403931
878;0.181091;-1.000931;-0.475189
879;-1.216156;-2.336655;-0.372147
880;-2.731155;-3.634415;-0.966156
881;-2.738159;-1.532806;-0.581406
882;-0.980881;0.532303;-0.273422
883;-0.472198;1.449524;-0.146774
884;-0.682892;1.486313;0.249146
885;-0.584137;0.815399;0.164337
886;-1.378799;0.361176;0.192062
887;-3.858566;-2.744965;-0.345016
888;-2.856186;-3.187927;-1.443115
889;-0.667862;-1.902115;-0.236435
890;0.949722;-1.262161;-0.399231
891;1.514069;-1.368210;-0.487701
892;0.818237;-1.367554;-0.522369
893;-0.324097;-1.667786;-0.684433
894;-1.849335;-2.941406;-1.027374
895;-2.998749;-2.677216;-1.267212
896;-1.963043;-0.459473;-0.419678
897;-0.645782;1.011505;-0.094086
898;-0.531448;1.525940;0.061188
899;-0.634430;1.209213;-0.097504
900;-1.072830;0.784348;-0.049210
901;-2.826630;-0.674973;-0.379883
902;-4.643326;-3.501373;-1.108521
903;-1.629044;-2.779083;-1.074921
904;0.649048;-1.743973;-0.039429
905;1.335785;-1.529816;-0.615082
906;1.455627;-1.251083;-0.712082
907;0.132736;-1.224823;-0.616714
908;-1.052597;-2.274750;-0.551514
909;-2.315125;-2.878708;-0.996643
910;-2.692383;-2.063934;-0.763168
911;-1.337189;0.196793;-0.202637
912;-0.606186;1.105637;-0.128265
913;-0.584396;1.461212;-0.058319
914;-0.835403;0.900040;-0.146759
915;-1.282928;0.328369;0.107452
916;-3.594330;-2.653519;-0.411102
917;-2.627197;-3.713852;-1.440720
918;-0.436844;-1.986938;-0.396210
919;0.768631;-1.150375;-0.048340
920;1.458786;-0.917160;-0.182404
921;0.772858;-0.924698;-0.290466
922;-0.178970;-1.470413;-0.138000
923;-1.409103;-2.914001;-0.640869
924;-2.605957;-2.688660;-0.941315
925;-1.883133;-0.688217;-0.428513
926;-0.672638;0.724167;-0.090027
927;-0.782806;1.282013;-0.133698
928;-0.716736;1.306976;-0.052612
929;-1.537704;1.069016;-0.166641
930;-3.251160;-0.821777;-0.837692
931;-4.066528;-3.951324;-1.279709
932;-1.178726;-3.049469;-0.381912
933;1.132812;-1.721680;-0.066971
934;1.279236;-1.260605;-0.470886
935;0.743622;-0.879135;-0.557724
936;-0.196915;-1.191544;-0.327255
937;-1.218750;-2.405136;-0.477676
938;-2.446747;-2.601120;-1.324326
939;-2.507233;-1.238617;-0.779373
940;-1.014450;0.566879;-0.178253
941;-0.661606;1.182907;0.090500
942;-0.657486;1.201065;0.053070
943;-0.912201;0.846954;0.091888
944;-1.986160;0.378571;-0.060104
945;-4.878815;-2.783920;-0.895462
946;-2.299820;-2.711899;-2.031479
947;-0.067139;-1.958160;-0.420837
948;1.105453;-1.612930;-0.708801
949;1.295425;-1.297684;-0.652908
950;0.311646;-1.229813;-0.790314
951;-0.817520;-1.605026;-0.759781
952;-2.416931;-2.664673;-1.001190
953;-2.839569;-2.253296;-1.314041
954;-1.814285;-0.427841;-0.459503
955;-0.816650;0.930969;-0.115555
956;-0.634033;1.363235;0.093582
957;-0.753937;1.226135;0.157394
958;-1.320343;1.002365;0.115570
959;-2.780258;0.089996;-0.230164
960;-4.998840;-3.387436;-1.637817
961;-1.609024;-2.745026;-1.202713
962;0.562988;-1.556503;-0.315384
963;1.397797;-1.271164;-0.311066
964;1.206055;-1.019684;-0.420288
965;-0.157410;-1.216858;-0.696594
966;-1.566315;-2.398041;-0.921066
967;-2.614655;-2.424576;-1.252991
968;-2.698212;-1.409531;-0.774246
969;-1.102722;0.296494;-0.096146
970;-0.316910;1.282104;-0.145142
971;-0.613144;1.486755;0.094437
972;-0.822571;1.025162;-0.119614
973;-2.007614;0.654251;-0.185043
974;-4.125916;-2.848846;-0.987427
975;-2.838852;-3.154526;-1.780731
976;-0.423508;-1.819229;-0.584335
977;0.932648;-1.302475;-0.335495
978;1.474976;-1.153015;-0.491745
979;0.827011;-1.147369;-0.431198
980;-0.391357;-1.463135;-0.675629
981;-1.615784;-2.560791;-0.820374
982;-2.750107;-2.376221;-1.230118
983;-1.861115;-0.712463;-0.623703
984;-0.642502;0.596970;-0.047333
985;-0.732056;1.062241;-0.187714
986;-0.623764;1.083420;0.053711
987;-1.214279;0.817337;0.067093
988;-2.363068;-1.038269;-0.577820
989;-3.427628;-3.758682;-1.475662
990;-0.849594;-2.519501;-0.605759
991;0.874725;-1.395203;0.039688
992;1.372940;-0.944443;0.095062
993;1.174225;-0.787186;-0.098816
994;-0.183975;-1.552490;-0.485245
995;-1.308975;-2.873886;-0.908630
996;-2.176407;-2.809845;-1.102631
997;-2.167694;-1.166565;-0.469849
998;-0.866730;0.360611;-0.165131
999;-0.892349;1.258133;-0.296417
1000;-0.460754;1.535278;0.063980
1001;-1.278183;1.059662;-0.112701
1002;-2.398743;-0.216827;-0.265350
1003;-5.073761;-3.758667;-1.413712
1004;-1.499619;-2.897522;-0.919418
1005;0.695084;-1.643555;0.008072
1006;1.549454;-1.412399;-0.537186
1007;0.985901;-1.290878;-0.741699
1008;-0.151993;-1.560898;-0.743759
1009;-1.448975;-2.380692;-0.735977
1010;-2.516739;-2.859406;-0.964279
1011;-2.437881;-1.174026;-0.486908
1012;-0.729248;0.644333;-0.210800
1013;-0.523132;1.070938;-0.140564
1014;-0.677429;1.111984;0.105667
1015;-0.663803;0.633621;0.077499
1016;-1.643982;0.393387;-0.015091
1017;-3.343918;-2.616165;-0.321335
1018;-2.660828;-3.121979;-1.647369
1019;-0.539200;-1.996002;-0.360458
1020;1.095230;-1.482071;0.006180
1021;1.191193;-1.255569;-0.222717
1022;0.537689;-1.084229;-0.330612
1023;-0.548462;-1.440842;-0.191177
1024;-1.487167;-2.332932;-0.470581
1025;-2.120010;-2.388672;-0.887955
1026;-1.826141;-0.835571;-0.698715
1027;-0.542175;0.754471;-0.352814
1028;-0.641968;1.208069;0.032181
1029;-0.578461;0.874893;0.116913
1030;-0.974869;0.468369;0.159531
1031;-1.950745;-0.118118;0.073822
1032;-4.501740;-3.138916;-0.640991
1033;-1.748032;-2.607254;-1.517975
1034;0.296295;-1.555649;-0.296707
1035;1.343079;-1.219803;-0.449905
1036;1.162689;-0.967285;-0.491257
1037;0.109390;-1.176300;-0.563538
1038;-1.139496;-2.068588;-0.448883
1039;-2.194809;-2.523087;-0.985519
1040;-2.436279;-1.645325;-0.994980
1041;-1.114975;0.018707;-0.163101
1042;-0.434067;0.707657;0.152405
1043;-0.704330;1.234314;0.122726
1044;-0.565445;0.898773;0.059601
1045;-1.343262;0.364258;0.258011
1046;-3.175491;-2.787140;0.126572
1047;-2.264236;-3.182938;-1.072647
1048;-0.340897;-1.825287;-0.454681
1049;0.681427;-1.283371;-0.145920
1050;1.073151;-0.870224;-0.128723
1051;0.762512;-0.626587;-0.252228
1052;-0.031891;-1.159653;-0.270508
1053;-1.183319;-2.578094;-0.501556
1054;-2.350311;-2.915649;-1.191620
1055;-1.830994;-1.059372;-0.604889
1056;-0.814575;0.525467;-0.022003
1057;-0.599930;1.052002;0.273407
1058;-0.374420;1.209503;0.181244
1059;-0.860748;0.749268;0.033188
1060;-1.605103;-0.083374;-0.321365
1061;-4.226120;-3.310944;-0.843201
1062;-1.640594;-2.631638;-1.012543
1063;-0.108215;-1.560776;-0.503967
1064;1.355942;-0.991058;-0.620224
1065;1.368469;-0.850342;-0.511246
1066;0.606766;-1.105225;-0.474274
1067;-0.728577;-2.184952;-0.658310
1068;-1.514862;-3.092148;-1.077606
1069;-2.442001;-2.195648;-1.296509
1070;-1.427261;0.141632;-0.456833
1071;-0.597580;1.185867;0.030029
1072;-0.926300;1.599182;0.172409
1073;-1.089020;1.047714;-0.058228
1074;-2.569626;0.288208;-0.186478
1075;-4.921494;-3.990601;-0.723541
1076;-1.733032;-3.203674;-0.984421
1077;0.293671;-1.685043;-0.221405
1078;1.232239;-1.071487;-0.222153
1079;1.456558;-0.676285;-0.226791
1080;0.620682;-0.913605;-0.500748
1081;-0.458878;-1.781219;-0.372955
1082;-1.526993;-2.979523;-0.368576
1083;-2.762192;-2.780762;-0.583588
1084;-1.871552;-0.632080;-0.329468
1085;-0.583084;0.931274;-0.445374
1086;-0.736755;1.494461;0.121979
1087;-0.694336;1.160873;0.263626
1088;-1.259949;0.695633;0.150757
1089;-2.410324;-1.419083;-0.040665
1090;-3.758514;-3.427811;-0.561203
1091;-1.233124;-2.377472;-0.648132
1092;0.471848;-1.696548;-0.604095
1093;1.425919;-1.385101;-0.884537
1094;1.028000;-1.251923;-0.659668
1095;-0.286301;-1.634079;-0.591721
1096;-1.504990;-2.600418;-0.715042
1097;-2.942703;-2.888062;-0.808945
1098;-1.951218;-0.655151;-0.302368
1099;-0.749359;0.583420;-0.201859
1100;-0.742294;1.140442;-0.057663
1101;-0.622849;1.303452;0.027176
1102;-0.956085;0.909653;-0.050751
1103;-2.346527;0.311172;0.227448
1104;-4.612167;-2.603973;-0.663132
1105;-2.813980;-3.237473;-1.233429
1106;-0.036240;-1.952271;-0.065765
1107;1.543427;-1.625366;-0.580460
1108;1.329346;-1.426285;-0.479126
1109;0.359726;-1.276016;-0.490494
1110;-1.087585;-1.974884;-0.325943
1111;-2.245514;-2.630066;-0.604263
1112;-3.071548;-2.505280;-0.920853
1113;-1.877411;-0.450119;-0.363922
1114;-0.548187;1.054153;-0.102539
1115;-0.719559;1.630661;0.106812
1116;-0.666275;1.282120;0.075745
1117;-1.260117;0.860458;0.003632
1118;-3.235916;-0.546204;-0.098083
1119;-5.139145;-3.597855;-0.971893
1120;-1.321091;-2.416397;-1.112473
1121;0.994446;-1.629700;-0.498337
1122;1.404953;-1.385254;-1.035278
1123;0.699997;-1.480499;-0.968994
1124;-0.333817;-1.626526;-0.772705
1125;-1.866928;-2.159317;-0.908325
1126;-2.842102;-2.539932;-1.045883
1127;-2.348541;-0.974075;-0.891983
1128;-0.978561;0.688660;-0.302307
1129;-0.639938;1.275986;-0.128510
1130;-0.595764;1.409134;0.086411
1131;-0.908813;0.929459;0.032394
1132;-1.808685;0.455978;0.019257
1133;-4.495850;-3.049805;-0.522598
1134;-2.663391;-2.877960;-1.438065
1135;-0.082077;-1.672150;-0.551865
1136;1.086517;-1.452576;-0.362930
1137;1.237869;-1.166916;-0.795425
1138;0.234665;-1.222458;-0.579544
1139;-0.705688;-1.699539;-0.595810
1140;-2.048569;-2.559982;-0.996429
1141;-2.977829;-2.342133;-0.905930
1142;-1.630768;-0.228485;-0.226776
1143;-0.482422;1.167618;-0.124832
1144;-0.758438;1.715561;0.030670
1145;-0.727814;1.207016;-0.015884
1146;-1.373367;0.630875;-0.066055
1147;-2.911301;-1.112320;-0.337357
1148;-4.261597;-3.294128;-1.409607
1149;-1.146469;-2.112076;-1.099731
1150;0.707687;-1.475250;-0.337967
1151;1.126541;-1.263977;-0.392700
1152;0.925140;-1.026917;-0.436371
1153;-0.148849;-1.298019;-0.362534
1154;-1.371841;-2.078583;-0.632477
1155;-2.599747;-2.652512;-0.946014
1156;-2.242004;-1.288177;-0.545135
1157;-0.859009;0.427094;-0.143799
1158;-0.472687;0.910995;-0.101654
1159;-0.625961;1.353607;-0.035767
1160;-0.735580;0.921997;-0.053970
1161;-1.738922;0.460114;0.082504
1162;-3.402603;-2.533234;-0.501801
1163;-3.081024;-3.150452;-1.433640
1164;-0.649673;-1.803040;-0.366013
1165;0.796585;-1.323273;-0.127335
1166;1.314819;-0.999786;-0.349716
1167;0.876709;-1.016113;-0.331497
1168;-0.438553;-1.678452;-0.431793
1169;-1.812256;-2.608139;-0.540161
1170;-3.070007;-2.552704;-0.940094
1171;-2.244614;-0.686813;-0.466934
1172;-0.786469;0.793991;-0.131577
1173;-0.677170;1.392242;-0.022095
1174;-0.651672;1.270248;0.037003
1175;-1.072937;0.771362;0.054398
1176;-2.119843;0.212738;0.033401
1177;-4.639130;-3.095688;-0.586884
1178;-1.738617;-2.368423;-1.530548
1179;0.042160;-1.597275;-0.322586
1180;0.878540;-1.313507;-0.324448
1181;0.885483;-0.915253;-0.442078
1182;0.274323;-0.940887;-0.238739
1183;-0.724823;-1.643478;-0.369736
1184;-2.114059;-2.435318;-0.809509
1185;-2.886246;-1.890427;-0.930435
1186;-1.471771;-0.205627;-0.433197
1187;-0.486954;0.784134;-0.039459
1188;-0.609192;1.095901;0.095520
1189;-0.529648;0.837067;0.159393
1190;-0.886047;0.399628;0.191818
1191;-2.076111;-1.433655;-0.156433
1192;-2.978256;-3.198044;-0.576675
1193;-0.643738;-1.649811;-0.694809
1194;0.018402;-1.261032;-0.197174
1195;0.904114;-0.929840;-0.182861
1196;1.330978;-0.747925;-0.091644
1197;0.359680;-1.341980;-0.165619
1198;-0.768982;-2.266327;-0.327026
1199;-1.709457;-2.701859;-0.698547
1200;-2.056137;-1.850754;-0.640472
1201;-1.282623;0.055969;-0.050781
1202;-0.727173;0.872879;-0.109909
1203;-0.727142;1.292313;-0.018616
1204;-1.074860;0.904358;0.103607
1205;-1.968887;0.676849;0.115738
1206;-4.044128;-2.220230;-0.648926
1207;-3.307724;-3.327637;-2.187302
1208;-0.389984;-2.165756;-0.376968
1209;1.153168;-1.702789;-0.178360
1210;1.760910;-1.322388;-0.809448
1211;0.473114;-1.248245;-1.112549
1212;-0.802872;-1.629425;-1.108383
1213;-2.269669;-2.452072;-0.918976
1214;-2.693970;-2.556137;-1.349945
1215;-2.389847;-0.988113;-0.783875
1216;-1.008072;0.972977;-0.291641
1217;-0.798416;1.552307;-0.007477
1218;-1.094391;1.335144;-0.115692
1219;-1.525970;0.787857;-0.189758
1220;-3.222214;-0.785095;-0.445694
1221;-4.267136;-3.804871;-0.919525
1222;-1.511017;-3.077667;-0.930496
1223;0.952621;-1.660660;-0.329987
1224;1.564163;-1.380325;-0.681900
1225;0.991928;-1.220169;-0.676025
1226;-0.172256;-1.464844;-0.698044
1227;-1.697815;-2.775604;-0.526108
1228;-2.707397;-2.972382;-1.046280
1229;-2.799576;-1.482391;-0.520691
1230;-1.138794;0.427536;-0.150070
1231;-0.595367;1.221390;-0.169495
1232;-0.782104;1.499161;0.046173
1233;-0.941391;0.961136;-0.091705
1234;-1.950287;0.410583;-0.091751
1235;-4.547638;-3.067978;-0.788422
1236;-2.785950;-3.240250;-1.430206
1237;-0.223572;-2.037216;-0.395386
1238;1.226059;-1.458832;-0.697357
1239;1.816391;-1.023331;-0.990189
1240;0.663422;-0.944260;-1.035110
1241;-0.781006;-2.001389;-0.827042
1242;-1.931519;-3.071411;-0.744202
1243;-3.176895;-2.854477;-1.377121
1244;-1.938919;-0.636185;-0.696198
1245;-0.943420;0.809097;-0.457108
1246;-0.959549;1.373917;-0.039337
1247;-0.494858;1.391113;0.190430
1248;-1.325394;0.928650;0.053360
1249;-3.276352;-0.579651;-0.207138
1250;-5.168182;-3.763306;-1.327606
1251;-1.685898;-2.759933;-0.771210
1252;0.874954;-1.730652;-0.328278
1253;2.255051;-1.249466;-1.133560
1254;1.621506;-1.114929;-1.359879
1255;-0.398331;-1.553070;-1.128006
1256;-1.949478;-3.234955;-0.624771
1257;-3.482361;-3.356125;-0.912354
1258;-3.341171;-1.476669;-0.405884
1259;-1.649994;0.758499;-0.142792
1260;-0.710129;1.911682;-0.170685
1261;-0.578384;1.762711;0.138718
1262;-1.103790;1.120331;0.020065
1263;-2.267456;0.594315;-0.090424
1264;-5.319565;-3.436203;-0.937012
1265;-3.096191;-3.261276;-1.422150
1266;0.065033;-1.661667;-0.029938
1267;1.485596;-1.520813;-0.403214
1268;1.674194;-1.233414;-0.698532
1269;-0.025391;-1.438019;-0.952469
1270;-1.123825;-2.277527;-0.767807
1271;-2.720505;-3.096405;-0.538071
1272;-3.247070;-2.268616;-0.506760
1273;-1.799255;-0.007874;-0.447739
1274;-0.645905;1.150391;-0.229553
1275;-0.791107;1.480316;0.057831
1276;-0.613998;1.094681;-0.096512
1277;-1.379608;0.783813;-0.129166
1278;-2.588562;-0.543045;-0.670670
1279;-5.210342;-3.837311;-1.432007
1280;-1.374496;-2.209564;-1.380661
1281;0.431335;-1.407852;-0.299728
1282;1.629059;-0.957275;0.059662
1283;1.379425;-0.835800;-0.502243
1284;0.333405;-1.049423;-0.444641
1285;-0.974625;-1.874069;-0.587830
1286;-2.386200;-2.892990;-1.018997
1287;-2.848816;-2.158524;-1.005829
1288;-1.551880;-0.105865;-0.502441
1289;-0.583649;0.984390;-0.062836
1290;-0.794525;1.619522;0.112305
1291;-0.727768;1.287262;0.170349
1292;-1.426651;0.906357;0.033310
1293;-2.915619;-1.116226;-1.148727
1294;-4.272690;-3.293259;-2.033585
1295;-1.220551;-2.047531;-1.140839
1296;0.614609;-1.564972;-0.380646
1297;1.607437;-1.339355;-0.796875
1298;0.632126;-1.257050;-0.782059
1299;-0.586319;-1.390945;-0.763550
1300;-2.101837;-2.303787;-1.037766
1301;-2.923264;-2.286896;-1.057327
1302;-2.463058;-0.641144;-0.563049
1303;-0.896271;0.859375;-0.481598
1304;-0.695786;1.638260;-0.097473
1305;-0.535629;1.402176;0.152863
1306;-1.227432;1.030121;-0.022980
1307;-2.690582;0.058960;-0.405060
1308;-5.255798;-3.393082;-1.878967
1309;-1.596161;-2.285995;-1.557541
1310;0.607529;-1.547485;0.164658
1311;1.622070;-1.282028;-0.135544
1312;1.102417;-1.081024;-0.436722
1313;-0.121643;-1.238190;-0.435684
1314;-1.557205;-2.179306;-0.485977
1315;-2.395981;-2.520432;-1.172882
1316;-2.798660;-1.415695;-1.412811
1317;-1.282928;0.318619;-0.475754
1318;-0.468674;0.966705;-0.198654
1319;-0.563065;1.429626;0.211868
1320;-0.435959;1.164658;0.057175
1321;-1.434082;0.808426;-0.197495
1322;-3.024048;-1.655243;-1.055023
1323;-3.592667;-3.084213;-1.845306
1324;-0.387817;-2.124573;-1.329758
1325;0.687332;-1.525589;-0.490845
1326;0.936646;-1.019516;-0.138306
1327;0.598373;-0.849426;-0.084991
1328;-0.520905;-1.520035;-0.576462
1329;-1.574860;-2.340805;-0.932648
1330;-2.530045;-2.406357;-1.378876
1331;-1.658859;-0.425262;-0.640381
1332;-0.578751;0.794708;-0.236572
1333;-0.662720;1.464722;-0.267075
1334;-0.710724;1.308395;-0.032959
1335;-1.230667;0.849670;0.023941
1336;-2.630783;-0.166290;0.055801
1337;-4.814072;-3.082489;-1.110382
1338;-1.705994;-2.419205;-1.327530
1339;0.239334;-1.692780;0.061935
1340;1.219345;-1.278671;-0.418671
1341;1.122253;-1.279541;-0.486710
1342;-0.072006;-1.377014;-0.669983
1343;-1.170731;-2.017059;-0.990082
1344;-2.604675;-2.864517;-1.203659
1345;-3.067657;-1.802963;-1.000122
1346;-1.462143;0.353912;-0.236420
1347;-0.485855;1.308380;-0.041992
1348;-0.748001;1.496826;0.195328
1349;-0.668274;0.862061;0.108032
1350;-1.745972;0.338989;0.249207
1351;-3.243637;-2.878708;0.111725
1352;-2.618729;-3.246552;-1.619080
1353;-0.306747;-1.793274;-0.522507
1354;0.914459;-1.316162;-0.310684
1355;1.775070;-1.004852;-0.734406
1356;1.048279;-1.065491;-1.024689
1357;-0.674393;-2.164169;-1.331451
1358;-2.846725;-3.032379;-1.588776
1359;-3.109039;-1.630539;-1.089325
1360;-1.407135;0.319122;-0.017975
1361;-0.530548;0.917633;0.129471
1362;-0.642899;1.202866;0.225067
1363;-0.551361;0.867493;0.170929
1364;-1.272003;0.490677;0.149384
1365;-2.344269;-1.409317;-0.499741
1366;-3.576004;-3.209824;-1.497238
1367;-1.000977;-2.101440;-0.949875
1368;0.433762;-1.335312;-0.161514
1369;1.190567;-0.990753;-0.144257
1370;1.073502;-0.630310;-0.089157
1371;0.320984;-0.914581;-0.114365
1372;-1.016876;-2.219238;-0.640305
1373;-2.520340;-2.533066;-0.748871
1374;-2.114868;-1.311142;-0.423965
1375;-1.187271;-0.388702;0.388214
1376;-0.851868;0.150314;-0.084625
1377;-0.676270;0.531952;-0.208008
1378;-0.574753;0.835068;-0.057098
1379;-0.691162;0.697052;-0.109955
1380;-1.424759;-0.011261;0.091873
1381;-2.812851;-2.054260;-0.038177
1382;-1.639999;-2.308594;-0.524063
1383;-1.201202;-1.584610;-0.395645
1384;-0.233017;-1.018143;-0.556396
1385;0.104828;-0.714569;-0.654755
1386;0.673386;-0.869858;-0.386795
1387;0.512177;-0.982498;-0.505722
1388;-0.523743;-0.988449;-0.897034
1389;-1.027863;-1.044052;-1.404877
1390;-2.038727;-0.551132;-2.033493
1391;-1.312012;0.082474;-1.290939
1392;-0.678299;0.202957;-0.799118
1393;-0.430450;0.195862;-0.623428
1394;-0.250839;0.146454;-0.354675
1395;-0.289062;0.055786;-0.597946
1396;-0.209839;0.014053;-0.747482
1397;-0.116119;0.049561;-0.947998
1398;-0.244568;-0.048569;-0.821808
1399;0.160126;-0.033600;-1.389450
1400;-0.298523;0.141037;-1.292603
1401;-0.391388;-0.196991;-0.945740
1402;-0.240707;-0.340286;-0.805862
1403;-0.134354;-0.395432;-0.805252
1404;-0.100342;-0.764862;-0.794662
1405;-0.096405;-0.445724;-0.841217
1406;-0.189163;-0.487564;-0.834595
1407;-0.111511;-0.327637;-0.929855
1408;0.147995;-0.523285;-1.060410
1409;0.174042;-0.418289;-1.083145
1410;0.156860;-0.247940;-1.034775
1411;0.263916;-0.324799;-0.962448
1412;0.119003;-0.264847;-0.850220
1413;0.152710;-0.258774;-0.686905
1414;0.090317;-0.318604;-0.750473
1415;0.059280;-0.200272;-0.839432
