index;x;y;z
0;-0.224548;-0.411499;-1.229553
1;-0.146317;-0.349319;-0.713623
2;-0.183243;-0.308838;-0.852707
3;-0.042923;-0.212219;-0.925278
4;0.056519;-0.184418;-0.495941
5;1.100235;-0.778000;-1.635437
6;0.281998;-0.700897;-3.084000
7;-0.324295;-0.587723;-2.189911
8;-0.627380;0.191925;-0.899902
9;-0.023651;0.517181;0.081390
10;-0.658493;0.766907;0.008301
11;-0.297470;0.439484;0.413177
12;-0.722488;0.234283;0.048615
13;-1.509552;-0.384781;-0.198486
14;-2.919968;-1.785706;-1.429001
15;-2.171555;-2.562347;-1.887482
16;-0.046234;-1.993973;-0.967072
17;1.054398;-1.472153;-0.710983
18;1.136597;-0.698959;-0.408859
19;0.641739;-0.381516;-0.358383
20;-0.113419;-1.085739;-0.447586
21;-1.651886;-3.118774;-1.381287
22;-1.953598;-2.176147;-1.441437
23;-1.508514;-0.534409;-0.504486
24;-0.718079;0.395294;-0.219635
25;-0.596313;1.014679;-0.046616
26;-0.450470;1.039200;0.008636
27;-0.589554;0.712357;-0.053131
28;-2.043930;-0.132675;0.144958
29;-4.422211;-3.573822;-1.669601
30;-1.174210;-2.934021;-0.318115
31;0.570541;-1.345627;-0.359314
32;1.265579;-0.881851;-0.051117
33;0.846222;-0.510086;0.034988
34;0.225204;-0.684784;-0.496719
35;-0.947098;-2.274719;-0.723434
36;-2.813004;-2.983322;-1.335617
37;-2.220093;-1.379944;-0.388428
38;-0.823288;0.138306;-0.271164
39;-0.465683;0.853821;-0.355042
40;-0.291138;1.356171;0.084885
41;-0.383835;0.939209;-0.180984
42;-1.257446;0.457123;-0.070435
43;-4.129913;-3.335434;-0.303558
44;-1.834152;-2.837585;-0.911179
45;0.084122;-1.442307;-0.278336
46;1.026947;-0.766037;-0.200485
47;1.236816;-0.486908;-0.009003
48;0.656479;-0.523590;-0.240158
49;-0.027100;-1.322632;-0.313629
50;-1.754013;-3.504379;-1.250061
51;-3.013107;-2.802322;-1.127869
52;-1.359390;-0.560242;-0.050613
53;-0.540863;0.769348;-0.206879
54;-0.435486;1.345108;-0.209946
55;-0.395447;1.327942;-0.036438
56;-0.874725;0.686478;-0.084747
57;-2.015228;-0.650970;0.051575
58;-4.252762;-4.452057;-1.041077
59;-0.616135;-2.572235;-0.360367
60;1.026932;-1.090088;-0.056046
61;1.328079;-0.488693;-0.439499
62;0.962265;-0.463379;-0.206009
63;0.203278;-1.036392;-0.420807
64;-1.090347;-2.718094;-0.772049
65;-3.392746;-3.878189;-0.612823
66;-1.851913;-1.065842;-0.176254
67;-0.635773;0.295486;-0.283798
68;-0.714264;0.790558;-0.172485
69;-0.406113;1.343903;0.212906
70;-0.499771;0.978348;-0.164062
71;-1.280945;0.701187;-0.165863
72;-3.677185;-2.598999;-0.304535
73;-2.689209;-4.026901;-1.000534
74;0.326599;-1.916382;-0.221115
75;1.223328;-0.968536;-0.339523
76;1.217087;-0.544067;-0.435989
77;0.662064;-0.476807;-0.405701
78;-0.118912;-1.380844;-0.247345
79;-2.588547;-3.638901;-1.005585
80;-3.352264;-2.451431;-0.041306
81;-1.182175;-0.127838;-0.038971
82;-0.232697;0.665314;-0.339371
83;-0.619446;1.082016;-0.134995
84;-0.358963;0.921783;0.228409
85;-0.911591;0.573898;-0.009003
86;-2.018265;-0.442825;-0.116196
87;-3.687347;-3.213837;-0.427460
88;-1.182510;-2.523331;-0.764343
89;0.376190;-1.446075;-0.278961
90;1.059128;-0.840210;-0.433426
91;1.046219;-0.539963;-0.253525
92;0.798492;-0.575546;-0.330917
93;-0.360474;-1.940720;-0.800125
94;-3.328049;-3.787964;-1.347687
95;-2.652390;-1.827042;-0.731476
96;-1.174744;0.089478;-0.120132
97;-0.456955;0.786118;-0.017578
98;-0.613129;1.311646;0.097153
99;-0.355423;1.156860;0.010345
100;-1.051880;0.880981;-0.028564
101;-3.453934;-1.631622;-0.138641
102;-3.370834;-3.652924;-0.722839
103;-0.569855;-2.260315;0.077072
104;0.855865;-1.280121;-0.468674
105;1.364090;-0.946671;-0.538574
106;1.006699;-0.701462;-0.545258
107;0.115601;-1.060760;-0.689529
108;-1.181549;-2.897385;-0.809677
109;-3.023743;-3.202484;-1.190765
110;-2.394196;-1.109711;-0.140579
111;-0.984589;0.619659;-0.286346
112;-0.640396;1.301544;-0.213425
113;-0.519104;1.529648;0.116302
114;-0.672287;1.136108;-0.215515
115;-1.816345;0.463501;-0.125595
116;-5.590134;-4.376648;-0.669800
117;-1.786423;-3.429474;-0.486801
118;0.861450;-1.598709;-0.498779
119;1.326080;-1.270966;-0.306061
120;1.256409;-0.934341;-0.461212
121;0.139099;-1.001694;-0.642746
122;-0.851425;-2.047348;-0.399002
123;-2.028992;-2.951828;-0.853958
124;-2.216675;-2.019714;-0.742371
125;-1.195862;-0.223648;0.021637
126;-0.595840;0.807297;-0.324448
127;-0.470688;1.276550;-0.067398
128;-0.452515;1.119293;-0.173157
129;-1.186798;0.868546;-0.171112
130;-3.283859;-1.299850;-0.472015
131;-3.745056;-3.994507;-1.414627
132;-0.855774;-2.585419;-0.277817
133;1.255066;-1.280197;-0.616425
134;1.702774;-0.925049;-0.420624
135;0.958115;-0.736588;-0.680267
136;-0.358459;-1.545639;-0.582642
137;-2.390167;-3.445206;-0.708481
138;-2.955322;-2.453781;-0.448380
139;-1.516205;-0.503418;-0.141022
140;-0.451050;0.752090;-0.360321
141;-0.659256;1.451294;-0.332443
142;-0.306198;1.289200;-0.159348
143;-1.184906;0.834122;-0.224747
144;-3.451080;-2.078461;-0.478577
145;-3.450790;-3.675934;-0.479279
146;-0.483505;-2.404404;-0.385773
147;1.169922;-1.417297;-0.157928
148;1.656021;-1.017303;-0.096344
149;0.945038;-0.726700;-0.283905
150;-0.169220;-1.176300;-0.261597
151;-1.418427;-2.201797;-0.710037
152;-2.630203;-2.696655;-1.241821
153;-1.723755;-0.950027;0.076401
154;-0.374435;0.315598;-0.192154
155;-0.425751;1.071793;-0.258713
156;-0.316620;1.203873;-0.206146
157;-1.066971;0.896301;-0.385834
158;-2.557083;-0.909119;-0.625702
159;-4.163437;-4.009201;-1.294968
160;0.007782;-2.053543;-0.162262
161;1.065201;-1.106796;-0.067566
162;1.352417;-0.619324;-0.110611
163;0.821213;-0.570480;-0.236435
164;0.016342;-1.399216;-0.635056
165;-1.374649;-2.515366;-1.011734
166;-2.860947;-2.921585;-1.113373
167;-1.420364;-0.808899;-0.013702
168;-0.407410;0.496780;-0.212875
169;-0.452774;1.156158;-0.203613
170;-0.338425;1.241196;0.038010
171;-1.048004;0.661636;-0.121902
172;-1.815323;-1.038345;-0.184601
173;-3.944168;-3.839294;-1.410416
174;-0.254379;-1.591599;-0.649841
175;0.610977;-0.893997;-0.124115
176;1.134689;-0.622757;-0.165604
177;1.196823;-0.601837;-0.398682
178;0.323410;-1.117249;-1.065353
179;-0.616974;-2.410324;-1.480759
180;-2.619232;-2.993774;-1.360687
181;-1.271896;-0.962128;-0.505875
182;-0.897812;0.366577;-0.056549
183;-0.808548;1.175781;-0.065338
184;-0.701187;1.388382;-0.104218
185;-1.184586;0.871124;-0.100143
186;-2.143265;-0.395325;-0.004913
187;-4.327255;-4.132965;-0.538712
188;-0.856979;-2.657578;-0.814972
189;0.844757;-1.131851;-0.140488
190;1.564728;-0.608643;-0.388748
191;1.331116;-0.461395;-0.524261
192;0.387711;-1.237625;-0.779083
193;-1.422302;-2.807373;-1.142456
194;-3.218582;-3.558273;-1.310135
195;-1.966507;-1.111603;-0.258789
196;-0.921951;0.659134;-0.249023
197;-0.505661;1.618637;-0.155716
198;-0.629807;1.700760;-0.097626
199;-0.678833;1.313858;-0.641769
200;-2.366745;-0.030075;-0.324234
201;-5.038727;-4.106964;-1.363174
202;-1.119476;-3.070602;-0.257187
203;0.776733;-1.433365;-0.083649
204;1.765198;-0.692337;-0.524277
205;1.228119;-0.624680;-0.411057
206;-0.032181;-1.235336;-0.552460
207;-1.780334;-2.775177;-0.868118
208;-3.455551;-2.861374;-1.197556
209;-1.574173;-0.603424;-0.501877
210;-0.486038;0.785263;-0.339996
211;-0.395844;1.223999;-0.147934
212;-0.343750;1.332230;0.025223
213;-0.677460;1.162155;-0.609512
214;-1.689209;0.435104;-0.354858
215;-5.526367;-3.997284;-0.828232
216;-1.502960;-2.980560;-0.408096
217;0.552200;-1.461945;-0.214081
218;1.891129;-0.936935;-0.317825
219;1.540985;-0.779297;-0.718994
220;0.004425;-1.445847;-0.675034
221;-1.423309;-2.247208;-1.178955
222;-3.284927;-2.926559;-1.572769
223;-2.208710;-1.204147;-0.138382
224;-0.570358;0.547043;-0.277298
225;-0.520935;1.275787;-0.219803
226;-0.486313;1.350601;0.141937
227;-0.790298;1.024414;-0.138321
228;-1.557159;0.116150;-0.190918
229;-4.348419;-3.679840;-1.072418
230;-1.294144;-2.632309;-1.558548
231;0.778885;-1.333511;-0.132111
232;0.961304;-1.027176;-0.394669
233;1.151657;-0.851288;-0.281876
234;0.557144;-0.689178;-0.513733
235;-0.040649;-1.174652;-0.766739
236;-2.158661;-3.217255;-1.786850
237;-2.644424;-2.850220;-0.746567
238;-1.340408;-0.377319;-0.268875
239;-0.636612;0.886993;-0.195587
240;-0.657379;1.207687;0.020325
241;-0.444717;1.307861;0.195709
242;-0.731018;0.898712;-0.086197
243;-2.364243;-0.348648;-0.279892
244;-5.189011;-4.249649;-0.877411
245;-1.019119;-2.722748;-0.634232
246;0.860489;-1.176346;-0.182175
247;1.874420;-0.905365;-0.219406
248;1.344543;-0.633911;-0.436432
249;0.194641;-0.949081;-0.739807
250;-1.194687;-2.465637;-0.893036
251;-3.208694;-2.981110;-1.089172
252;-2.182861;-1.434784;-0.256149
253;-0.870789;0.245865;-0.228302
254;-0.400269;1.137222;-0.266037
255;-0.536652;1.382523;0.122742
256;-0.628555;1.078522;-0.190125
257;-1.512665;0.954407;-0.006973
258;-4.650253;-2.874374;-0.723480
259;-2.672836;-3.657486;-0.792664
260;0.077560;-1.765533;-0.132202
261;1.394302;-1.219849;-0.527084
262;1.510178;-0.973022;-0.303238
263;0.554047;-0.941788;-0.507065
264;-0.567337;-1.815765;-0.866135
265;-3.065842;-3.238953;-0.840622
266;-2.820175;-2.051331;-0.758804
267;-1.153915;0.151337;-0.243942
268;-0.427521;1.225647;-0.176605
269;-0.702850;1.460922;0.144211
270;-0.617584;1.238373;-0.059311
271;-1.420502;1.051315;0.097443
272;-4.111069;-2.258987;-0.311966
273;-3.202652;-3.144989;-1.265259
274;-0.553574;-1.955322;-0.594742
275;1.090485;-1.237671;-0.940842
276;1.468262;-1.214142;-0.835297
277;0.540588;-1.256668;-1.371323
278;-0.973724;-1.547623;-1.708145
279;-2.167694;-1.483978;-2.131729
280;-2.141907;-0.886871;-2.054504
281;-1.245590;-0.027740;-0.593033
282;-0.487671;0.386307;0.210754
283;-0.853897;0.803421;0.297562
284;-0.634918;0.801422;0.340302
285;-1.012909;0.186264;-0.558487
286;-1.767929;-1.109238;-1.667542
287;-2.171432;-1.931488;-2.698761
288;-0.276154;-1.707764;-1.355057
289;1.163651;-1.495316;-0.261185
290;2.139465;-1.280823;-0.569626
291;1.415451;-0.820038;-1.041214
292;-0.590469;-1.604843;-1.028519
293;-1.926682;-3.170700;-0.975403
294;-2.858276;-2.703217;-0.151581
295;-1.339920;-0.227814;-0.078430
296;-0.491608;0.864944;-0.334732
297;-0.614212;1.195404;-0.134964
298;-0.510818;1.046707;-0.085175
299;-1.199158;0.417480;-0.059784
300;-2.540695;-1.851639;-0.499832
301;-3.495117;-4.055008;-0.167465
302;-0.084686;-1.939880;0.158463
303;1.063507;-1.257080;-0.095535
304;1.473557;-0.895660;0.131943
305;0.867126;-0.751419;-0.345993
306;-0.116699;-1.181183;-0.376892
307;-1.476532;-2.515320;-0.318283
308;-3.004730;-2.959229;-0.188614
309;-1.655807;-1.108505;-0.120605
310;-0.743149;0.498566;-0.364319
311;-0.572784;1.182648;-0.393143
312;-0.442230;1.531128;-0.272232
313;-1.155853;1.034149;-0.241882
314;-3.144775;-1.498337;-0.303802
315;-3.592972;-3.511002;-0.886505
316;-0.661911;-2.561569;0.398514
317;0.853745;-1.468185;-0.267822
318;1.546616;-1.020920;-0.423599
319;0.865997;-0.798599;-0.378448
320;-0.254242;-1.253677;-0.387772
321;-1.876068;-2.637955;-0.395828
322;-3.327652;-2.922409;-0.478027
323;-1.907333;-0.867126;0.042923
324;-0.649384;0.943298;-0.443909
325;-0.451889;1.623367;-0.055084
326;-0.610931;1.386765;0.096344
327;-1.206726;0.910751;-0.084900
328;-2.975937;-1.192368;-0.073090
329;-3.875122;-3.894684;-0.532578
330;-0.448959;-2.411819;-0.168991
331;1.057220;-1.216690;-0.311447
332;1.631805;-0.685196;-0.635880
333;0.973999;-0.807022;-0.785492
334;-0.338409;-1.365463;-0.842194
335;-2.009094;-2.672195;-0.673996
336;-3.267731;-2.804764;-0.925354
337;-1.615784;-0.584045;-0.100861
338;-0.577454;0.961807;-0.194916
339;-0.580017;1.368103;0.080826
340;-0.510254;1.358154;0.100769
341;-1.190140;0.666641;-0.095230
342;-2.529572;-2.181625;0.015442
343;-3.170258;-3.816910;-0.626587
344;-0.118378;-1.825424;0.028183
345;0.809906;-0.920837;-0.125092
346;1.343811;-0.688324;-0.201920
347;0.897430;-0.805984;-0.452881
348;-0.130035;-1.573273;-0.615219
349;-2.021423;-2.926971;-0.569977
350;-2.458420;-2.541626;-0.334183
351;-0.997208;-0.412689;-0.027634
352;-0.626602;0.720078;-0.461105
353;-0.660782;1.355713;-0.071152
354;-0.690292;1.259933;-0.124146
355;-1.342682;0.775986;-0.149826
356;-3.067917;-1.778137;0.061127
357;-3.516724;-3.970291;-1.136185
358;-0.059433;-2.280197;0.156189
359;1.175720;-1.120895;-0.197083
360;1.597244;-0.631439;-0.272003
361;0.718323;-0.755676;-0.481049
362;-0.207306;-1.481491;-0.495132
363;-2.061371;-3.246201;-0.696289
364;-3.349396;-2.730286;-0.486053
365;-1.353195;-0.368561;-0.137604
366;-0.497131;1.154907;-0.382614
367;-0.427246;1.738632;0.015793
368;-0.476440;1.518860;-0.112930
369;-1.519775;0.874725;-0.050980
370;-3.777985;-2.250351;-1.477020
371;-3.376541;-3.861771;-0.852005
372;-0.150269;-1.722473;0.009201
373;1.131775;-0.855972;-0.362610
374;1.429810;-0.751633;-0.153458
375;0.921249;-0.834839;-0.541199
376;-0.542969;-1.848236;-0.618103
377;-1.704117;-2.430344;-0.829773
378;-2.463516;-2.456772;-0.601166
379;-1.806610;-1.118561;0.084488
380;-0.666672;0.750946;-0.420837
381;-0.675247;1.623810;-0.496933
382;-0.641479;1.489075;-0.424820
383;-1.155792;0.812836;-0.215668
384;-2.966354;-1.718353;-0.380600
385;-3.775558;-3.959122;-1.821121
386;-0.429565;-2.295181;0.165726
387;0.963165;-0.918854;-0.245346
388;1.622437;-0.593338;-0.208694
389;1.009155;-0.652588;-0.396286
390;-0.110901;-1.579086;-0.312210
391;-2.191971;-3.177475;-0.600037
392;-3.248474;-2.385925;-0.669846
393;-1.479904;-0.247589;-0.146896
394;-0.580063;1.117172;-0.302917
395;-0.299622;1.497513;-0.148987
396;-0.494003;1.158661;-0.133926
397;-1.009415;0.807098;0.229080
398;-3.779572;-2.344315;-0.230347
399;-2.922241;-3.310898;-0.712845
400;-0.232529;-1.449738;0.082687
401;0.856049;-0.717010;-0.359772
402;1.263107;-0.731628;-0.097427
403;0.925735;-0.843369;-0.297668
404;-0.188263;-1.520248;-0.467361
405;-1.934982;-2.736755;-0.598709
406;-3.419312;-2.421310;-0.320251
407;-1.505554;-0.532059;0.003387
408;-0.398590;0.754456;-0.505035
409;-0.579193;1.337051;-0.018143
410;-0.427689;1.593918;-0.043823
411;-1.186142;0.932083;0.119492
412;-3.266388;-1.608566;-0.362183
413;-3.609406;-3.936523;-1.062164
414;-0.063873;-1.779312;0.143600
415;0.933304;-0.879913;-0.396240
416;1.452942;-0.840714;-0.442673
417;0.770401;-0.784424;-0.567886
418;-0.170273;-1.131699;-0.307999
419;-1.334457;-2.107162;-0.298599
420;-3.493881;-2.783966;-1.192078
421;-1.909149;-0.944839;-0.108749
422;-0.562759;0.712479;-0.297211
423;-0.404739;1.517624;0.162048
424;-0.441772;1.367889;0.150116
425;-0.949005;0.891220;-0.074539
426;-2.294464;-0.199936;-0.201950
427;-4.331253;-3.484329;-1.063293
428;-0.830902;-2.219299;-0.188446
429;0.461807;-1.292465;-0.342651
430;1.332504;-1.021393;-0.499756
431;0.801331;-1.152649;-0.580124
432;-0.135635;-1.141190;-0.481354
433;-1.926575;-1.933914;-0.488083
434;-3.475830;-2.552078;-0.763107
435;-1.758255;-0.917389;-0.124588
436;-0.430054;0.580368;-0.165970
437;-0.379913;1.490967;-0.007782
438;-0.189560;1.643478;0.094040
439;-0.904846;0.977173;-0.308762
440;-2.210373;-0.408188;-0.148392
441;-3.805008;-3.176498;-0.987137
442;-1.107300;-2.423553;-0.504532
443;0.352417;-1.472824;-0.045746
444;1.224655;-1.026520;-0.280930
445;0.811905;-1.089539;0.024460
446;-0.197327;-1.326370;-0.332886
447;-1.749329;-2.074997;-0.313309
448;-3.177963;-2.417923;-0.669342
449;-1.709259;-0.805603;-0.309021
450;-0.477951;0.751328;-0.271454
451;-0.302841;1.562988;0.032257
452;-0.244995;1.582626;-0.109344
453;-1.038422;0.856888;0.165115
454;-3.231110;-1.379425;-0.003006
455;-3.893784;-3.488480;-1.262985
456;-0.254791;-1.801773;0.025208
457;0.888992;-0.924988;0.000534
458;1.546753;-0.779053;-0.044464
459;0.793579;-0.914429;-0.326385
460;-0.357666;-1.470215;-0.368835
461;-2.274551;-2.658279;-0.557770
462;-3.463409;-2.384674;-0.738632
463;-1.413361;-0.386261;-0.161591
464;-0.408127;1.166580;-0.386505
465;-0.409927;1.701797;0.203659
466;-0.506180;1.459122;-0.042343
467;-1.330231;0.712280;-0.195190
468;-3.438736;-2.137833;-0.253830
469;-3.395691;-3.017670;-1.202362
470;-0.353531;-1.716797;0.314560
471;0.744080;-1.034714;-0.106552
472;1.418854;-0.970291;-0.127960
473;0.771469;-1.005997;-0.751511
474;-0.354324;-1.486069;-0.623932
475;-2.284317;-2.451202;-0.595047
476;-3.524933;-2.232162;-0.303177
477;-1.726166;-0.673843;-0.186661
478;-0.628983;1.010910;-0.206940
479;-0.382248;1.530563;-0.121201
480;-0.397980;1.412659;0.007736
481;-1.033127;0.740616;0.187103
482;-2.554047;-1.513367;-0.018509
483;-3.688965;-3.726852;-0.914108
484;-0.675232;-1.843170;0.281143
485;0.586349;-0.514099;-0.112198
486;1.212204;-0.418915;-0.155228
487;1.027451;-0.670120;-0.198227
488;0.329681;-1.298447;-0.327377
489;-1.206528;-2.315216;-0.454422
490;-3.789688;-3.080780;-0.230576
491;-2.163849;-1.112549;0.005249
492;-0.843811;0.503250;-0.234863
493;-0.273438;1.344604;-0.207031
494;-0.257736;1.356674;0.310852
495;-0.598648;0.787598;0.209824
496;-1.744461;-0.099121;0.287796
497;-3.775558;-2.942963;-0.801224
498;-1.779709;-2.128159;-0.708862
499;0.136169;-1.198242;0.063400
500;0.965805;-1.061691;-0.319992
501;1.420288;-1.116608;-0.230789
502;0.415543;-1.367905;-0.266052
503;-0.630768;-1.652222;-0.364777
504;-2.659531;-2.805069;-0.773590
505;-3.098770;-2.131989;-0.479187
506;-1.248947;-0.137680;-0.442429
507;-0.501923;1.353592;-0.444702
508;-0.460617;1.672913;0.075027
509;-0.623474;1.541794;-0.228195
510;-1.654251;0.690170;0.146545
511;-5.328125;-2.608322;-0.807129
512;-2.269318;-3.601242;-0.330872
513;0.396835;-1.570450;-0.417908
514;1.653320;-1.037308;-0.634476
515;1.493073;-1.090485;-0.999664
516;0.280838;-1.299774;-0.714539
517;-0.749664;-1.615219;-0.459595
518;-3.711548;-3.410919;-1.071533
519;-3.084763;-1.769180;-0.352417
520;-1.222290;0.247467;-0.340271
521;-0.547150;1.441284;-0.284012
522;-0.295013;1.985977;0.229874
523;-0.798889;1.429276;-0.270889
524;-1.863770;0.287582;0.126129
525;-4.296280;-3.706436;-0.914078
526;-2.190643;-3.369186;-0.420639
527;0.267151;-1.335815;-0.271210
528;1.294830;-0.648819;-0.254333
529;1.339859;-0.515823;-0.375671
530;0.718796;-0.582428;-0.584045
531;-0.360703;-1.367249;-0.507919
532;-3.297745;-3.429321;-0.880035
533;-3.082443;-1.806305;-0.490631
534;-1.187164;0.177917;-0.299713
535;-0.351624;1.361481;-0.104218
536;-0.252182;1.647781;0.220840
537;-0.590942;1.200775;0.038986
538;-1.443756;0.663742;0.082001
539;-4.609268;-3.042709;-1.241241
540;-2.237106;-3.104828;-0.693497
541;0.292435;-1.300797;0.026154
542;1.076111;-0.785934;0.025116
543;1.274475;-0.600082;-0.112167
544;0.571915;-0.769257;-0.553619
545;-0.626236;-1.726044;-0.569977
546;-3.142227;-2.947174;-0.727142
547;-2.520889;-1.931656;-0.494980
548;-0.926392;-0.154922;-0.287613
549;-0.339081;1.026520;-0.263718
550;-0.483261;1.334198;0.153122
551;-0.675079;1.183899;-0.035904
552;-1.587540;0.387283;0.204147
553;-3.983459;-3.360794;-0.175201
554;-1.496857;-3.038406;-0.920715
555;0.417328;-1.415695;-0.436844
556;1.397217;-0.798157;-0.429749
557;1.299927;-0.443619;-0.548965
558;0.442780;-0.823822;-0.708221
559;-0.893295;-1.909714;-0.554276
560;-3.137695;-3.198975;-0.685867
561;-1.948349;-1.505447;0.151367
562;-0.697235;0.297958;-0.190369
563;-0.474365;0.934006;-0.208023
564;-0.376114;1.186768;0.176071
565;-0.529068;0.839767;0.122604
566;-1.358841;0.263367;-0.000778
567;-4.149506;-2.697220;-0.339447
568;-1.642929;-2.805573;-0.803497
569;0.215851;-1.545242;0.030136
570;1.000214;-0.870285;-0.280411
571;1.259659;-0.674347;-0.078796
572;0.441864;-0.824844;-0.305283
573;-0.838303;-2.205032;-0.429031
574;-2.835541;-3.352219;-0.622345
575;-2.788422;-1.735565;-0.102722
576;-0.945480;0.257721;-0.338409
577;-0.336395;1.030975;-0.409195
578;-0.428238;1.718521;0.175629
579;-0.486877;1.266907;0.009430
580;-1.523666;0.341324;-0.024368
581;-4.323898;-3.438431;-0.139862
582;-2.023941;-3.173950;-0.715683
583;0.123871;-1.541000;-0.034042
584;1.151917;-0.723892;-0.469742
585;1.506256;-0.397476;-0.471390
586;0.604111;-0.624222;-0.537033
587;-0.303864;-1.775970;-0.167923
588;-2.919479;-3.600601;-0.503204
589;-2.433517;-1.924286;-0.185837
590;-1.030518;0.081100;-0.141266
591;-0.478561;1.270187;-0.284821
592;-0.343399;1.608337;0.292725
593;-0.673615;1.180435;-0.027023
594;-1.473953;0.270905;0.014114
595;-3.691498;-2.829514;-0.410873
596;-2.358292;-2.993622;-1.238846
597;-0.083542;-1.713562;-0.112808
598;0.930069;-1.084183;-0.257095
599;1.195084;-0.791611;-0.288376
600;0.333939;-1.004745;-0.344818
601;-0.957718;-1.884338;-0.326385
602;-2.133148;-2.504303;-0.652298
603;-2.768356;-1.874298;-0.564560
604;-0.912796;-0.041321;0.001144
605;-0.311493;1.059570;-0.338974
606;-0.409897;1.511780;0.298553
607;-0.473694;1.131744;0.110214
608;-1.352768;0.431686;0.139130
609;-3.488739;-2.291229;-0.204315
610;-3.028107;-2.864914;-1.419830
611;-0.446609;-1.646729;-0.102661
612;0.791092;-1.042419;-0.109573
613;1.269638;-0.731628;-0.586121
614;0.569946;-0.935654;-0.537766
615;-0.616837;-1.505264;-0.796783
616;-1.985916;-2.256332;-0.748276
617;-3.143646;-2.132889;-1.029556
618;-1.784073;-0.503906;-0.201569
619;-0.495956;0.900467;0.185394
620;-0.589951;1.499786;0.137482
621;-0.247452;1.359070;0.335541
622;-0.962860;0.722733;0.402542
623;-2.631973;-0.981979;-0.159546
624;-3.405975;-3.070053;-1.637482
625;-1.277786;-2.228775;-0.386627
626;0.454391;-1.258331;-0.137665
627;1.252136;-1.031616;-0.122604
628;0.836075;-1.076492;-0.506348
629;-0.268112;-1.384674;-0.653915
630;-1.687744;-2.053268;-0.863007
631;-2.700180;-2.151108;-0.878433
632;-1.803207;-0.835297;-0.372147
633;-0.499786;0.721313;-0.292892
634;-0.422928;1.136505;0.162292
635;-0.341980;1.119400;0.127365
636;-0.428955;0.667114;0.202805
637;-1.875793;-0.632111;-0.381744
638;-3.232697;-3.284775;-1.133820
639;-1.281555;-2.318130;-0.401978
640;0.237335;-1.135803;-0.018341
641;0.910141;-0.782715;0.003738
642;1.034409;-0.640945;-0.095886
643;0.114868;-1.167175;-0.410629
644;-0.831223;-1.846359;-0.754333
645;-2.320557;-2.505814;-0.780945
646;-1.859726;-1.469803;-0.143860
647;-0.527008;0.172363;0.034546
648;-0.471161;1.118210;-0.195160
649;-0.343124;1.277359;0.301239
650;-0.777969;0.989502;0.084564
651;-1.943939;0.006851;-0.076218
652;-4.308365;-2.900986;-0.825943
653;-1.744995;-2.754059;-0.188385
654;0.304581;-1.606766;-0.462830
655;1.098907;-1.256454;-0.311295
656;0.953339;-1.130890;-0.282898
657;-0.125565;-1.349716;-0.485413
658;-1.626526;-2.089554;-0.641632
659;-3.117767;-2.309601;-0.612595
660;-1.926117;-0.921997;-0.401031
661;-0.605560;0.678848;-0.129028
662;-0.447342;1.123123;-0.179230
663;-0.264526;1.311615;0.147614
664;-0.824905;0.841797;0.050232
665;-1.929688;0.065765;-0.175201
666;-4.454529;-3.205383;-0.115982
667;-1.797958;-2.348755;-0.943207
668;0.202286;-1.506470;-0.376785
669;1.195663;-1.318710;-0.296936
670;1.328033;-0.983276;-0.517822
671;0.130402;-1.212112;-0.631500
672;-1.097641;-1.944443;-0.620758
673;-2.646393;-2.521484;-0.566803
674;-2.585388;-1.706818;-0.206009
675;-1.017502;0.225906;-0.147675
676;-0.491486;1.167801;-0.265625
677;-0.593689;1.315826;0.188950
678;-0.685638;0.949280;0.057327
679;-1.429810;0.442047;0.127121
680;-4.115250;-3.163742;0.114273
681;-2.030670;-2.968277;-1.346909
682;0.273605;-1.550980;-0.042145
683;1.183975;-1.185608;-0.495453
684;1.384293;-0.980423;-0.338837
685;0.200699;-1.296402;-0.357178
686;-0.848511;-1.930161;-0.401642
687;-2.602081;-2.806564;-0.125214
688;-2.539352;-1.918457;-0.178116
689;-1.015396;0.017548;-0.243912
690;-0.337250;1.064011;-0.371704
691;-0.596680;1.439621;-0.114380
692;-0.594711;1.140213;-0.188492
693;-1.405685;0.529770;-0.045029
694;-4.154068;-3.248932;-0.227921
695;-2.351151;-3.457169;-0.293167
696;0.135147;-1.500626;-0.133789
697;1.302032;-1.037231;0.068680
698;1.261597;-0.935242;-0.227188
699;0.249939;-1.231171;-0.194214
700;-0.775848;-1.994766;-0.348190
701;-2.592270;-2.733337;-0.302139
702;-2.628433;-1.640671;-0.635620
703;-1.140091;0.159592;-0.398453
704;-0.373184;1.173096;-0.188049
705;-0.356842;1.611298;0.314011
706;-0.680054;1.000565;0.222031
707;-1.501419;0.273666;0.173386
708;-3.901611;-2.904938;0.017487
709;-2.730942;-2.879135;-1.296036
710;-0.095459;-1.487823;-0.072968
711;1.044891;-0.791840;-0.235107
712;1.450729;-0.742950;-0.329559
713;0.354782;-1.134674;-0.535217
714;-0.675827;-1.990936;-0.477448
715;-2.523239;-2.948883;-0.496689
716;-2.670563;-2.035446;-0.501678
717;-1.247742;0.036652;0.040237
718;-0.556152;1.047348;-0.123566
719;-0.543030;1.534744;0.120056
720;-0.599854;1.387146;0.181458
721;-1.849167;0.688095;0.171570
722;-4.488174;-3.142303;-0.084183
723;-2.417526;-3.424225;-1.025452
724;0.204254;-1.723969;-0.286804
725;1.472412;-1.096954;-0.131317
726;1.514923;-0.986862;-0.061020
727;0.310150;-1.231064;-0.508560
728;-0.925964;-1.909561;-0.587402
729;-2.846298;-2.801453;-0.465714
730;-2.857193;-1.731995;-0.424698
731;-1.220139;0.174835;0.003036
732;-0.309982;0.944702;-0.370605
733;-0.442596;1.469849;0.028564
734;-0.604706;1.113358;0.112869
735;-1.428909;0.747635;0.192200
736;-4.701080;-3.088120;-0.183411
737;-2.130066;-3.169388;-0.946838
738;0.284195;-1.624237;-0.375961
739;1.157059;-1.073364;-0.416443
740;1.469666;-0.816208;-0.241318
741;0.693573;-0.826508;-0.385498
742;-0.336273;-1.613525;-0.421356
743;-2.381592;-3.041473;-1.041504
744;-3.471985;-2.469528;-0.844757
745;-1.402222;-0.261597;-0.031860
746;-0.409119;1.226044;-0.183060
747;-0.573975;1.630234;0.269424
748;-0.444656;1.298843;0.186646
749;-1.462173;0.766373;0.242371
750;-3.470398;-2.703995;0.111786
751;-2.665131;-3.763245;-0.765198
752;-0.222382;-1.857712;-0.179382
753;0.789154;-1.134247;-0.540009
754;1.158386;-0.850159;-0.748749
755;0.858459;-0.915863;-0.621292
756;-0.166534;-1.478439;-0.342316
757;-1.647415;-2.743515;-0.679565
758;-2.753448;-2.998611;-0.694733
759;-1.785294;-0.785416;-0.277771
760;-0.660019;0.849365;-0.115829
761;-0.645401;1.525848;0.069534
762;-0.222046;1.431152;0.196747
763;-1.094437;0.671600;0.117996
764;-2.473816;-1.706406;-0.027969
765;-3.213654;-3.747314;-0.267517
766;-1.009674;-2.190689;-0.389145
767;0.535309;-1.077103;-0.168243
768;1.100403;-0.893494;0.002029
769;1.024551;-0.745453;-0.220978
770;0.013763;-1.222061;-0.087784
771;-0.878067;-2.275665;-0.563248
772;-2.188705;-2.907074;-0.295471
773;-1.870651;-1.448898;0.155579
774;-0.713654;0.467361;-0.134659
775;-0.532593;1.191467;-0.219131
776;-0.537262;1.289154;0.221054
777;-0.694931;0.974472;0.137009
778;-2.180710;-0.434814;0.168686
779;-5.117813;-4.355301;-0.525436
780;-1.136475;-2.876678;-0.324219
781;0.964752;-1.273621;-0.488434
782;1.239151;-1.081345;-0.543762
783;1.268097;-1.022552;-0.546356
784;0.093536;-1.249969;-0.302155
785;-0.789001;-2.143143;-0.317642
786;-2.563858;-3.125519;-0.215790
787;-2.170105;-1.602005;-0.022018
788;-0.886017;0.238541;-0.177399
789;-0.532196;1.057175;-0.232956
790;-0.679276;1.355713;0.135513
791;-0.703751;0.879272;0.170013
792;-1.528015;-0.147018;0.132339
793;-3.590225;-3.461746;0.193253
794;-2.006607;-3.378296;-0.446854
795;0.494675;-1.623962;0.317184
796;1.217819;-0.818359;-0.143738
797;1.354294;-0.508926;-0.543350
798;0.262436;-0.940002;-0.312012
799;-0.474823;-1.779236;-0.238922
800;-2.051224;-3.168610;-0.212616
801;-2.245712;-2.102615;-0.404037
802;-1.055252;-0.110580;-0.014969
803;-0.479294;1.132217;-0.293182
804;-0.567505;1.341354;0.195465
805;-0.618301;0.960114;0.141129
806;-1.291733;0.418564;0.188950
807;-4.108841;-2.474518;0.090927
808;-2.644135;-3.318817;-0.023300
809;-0.282394;-1.948792;0.075272
810;1.209045;-1.336304;-0.617249
811;1.428314;-1.150146;-0.849213
812;0.288040;-1.324402;-0.684860
813;-0.869659;-1.880081;-0.145157
814;-2.219254;-2.713562;-0.155228
815;-2.554932;-2.181015;-0.083878
816;-1.412018;-0.139404;-0.027939
817;-0.654282;1.104416;-0.386444
818;-0.586807;1.388870;0.136414
819;-0.599518;0.998688;0.149429
820;-1.149490;0.297409;0.264572
821;-2.973801;-2.341537;0.508896
822;-2.874466;-3.157822;-0.251038
823;-0.322693;-1.664108;-0.599747
824;0.903580;-1.239716;-0.628143
825;1.194656;-1.106964;-0.792480
826;0.624222;-1.104218;-0.509872
827;-0.621658;-1.582794;-0.166901
828;-1.586792;-2.523117;-0.087585
829;-2.565430;-2.524490;-0.324692
830;-1.490677;-0.639206;-0.137497
831;-0.477386;0.913498;-0.382080
832;-0.876434;1.303467;0.073181
833;-0.455963;1.146027;0.087692
834;-1.012573;0.714447;0.113632
835;-2.986115;-2.258820;-0.033661
836;-2.719421;-3.898331;-0.346207
837;-0.455017;-2.118332;0.332962
838;0.920868;-1.141571;-0.190918
839;1.218628;-0.760498;-0.469070
840;0.879196;-0.803024;-0.724380
841;-0.332397;-1.429626;-0.439774
842;-1.336746;-2.823929;-0.129059
843;-2.656281;-2.789215;-0.399185
844;-1.399155;-0.412842;-0.184799
845;-0.734222;1.053604;-0.259109
846;-0.774338;1.375977;0.173279
847;-0.600861;1.085358;0.200211
848;-1.024582;0.484039;0.237854
849;-2.698776;-1.228851;0.175705
850;-3.550568;-3.437592;-0.045639
851;-0.966202;-2.481888;-0.305267
852;1.005005;-1.624069;-0.738281
853;1.225189;-1.472305;-0.515121
854;0.461685;-1.275131;-0.479950
855;-0.709930;-1.607544;-0.274933
856;-2.418457;-2.751007;-0.201859
857;-2.642441;-2.082535;-0.330002
858;-1.495392;-0.204132;-0.087128
859;-0.581573;0.905457;-0.034088
860;-0.617523;1.317520;0.041977
861;-0.335632;1.098373;0.044189
862;-1.002594;0.647171;0.119766
863;-2.366531;-1.089005;-0.066879
864;-3.786819;-3.581024;-0.880768
865;-1.167313;-2.584503;-0.490906
866;1.013382;-1.300598;-0.139252
867;1.506271;-1.064056;-0.282501
868;0.905228;-1.201233;-0.225494
869;-0.454041;-1.685913;-0.225937
870;-1.635757;-2.581772;-0.785019
871;-2.764984;-2.370865;-0.730591
872;-1.501022;-0.162872;-0.512589
873;-0.546814;0.784637;-0.250198
874;-0.608917;1.177124;0.184036
875;-0.422745;1.016235;0.222626
876;-1.151016;0.697632;0.130432
877;-2.871445;-2.122711;-0.112656
878;-2.996979;-3.365295;-1.374420
879;-0.436859;-1.978607;-0.341644
880;0.920624;-1.261780;-0.316162
881;1.298828;-0.870438;-0.576324
882;0.697159;-0.968506;-0.398331
883;-0.253601;-1.464340;-0.280167
884;-1.026993;-2.258652;-0.677399
885;-2.764648;-2.535324;-0.770523
886;-1.542969;-0.486404;-0.182678
887;-0.515701;0.696915;-0.107910
888;-0.623245;1.015518;-0.038574
889;-0.282852;1.029831;0.149185
890;-0.847076;0.670059;0.062103
891;-1.801956;-0.832382;-0.447510
892;-4.022934;-3.441833;-0.311066
893;-1.264908;-2.289490;-0.530334
894;0.632233;-1.353668;0.026855
895;1.078598;-1.089767;-0.296692
896;0.725235;-1.317352;-0.233093
897;-0.437103;-1.501190;-0.310272
898;-1.884171;-2.217438;-0.816605
899;-2.785416;-1.905777;-0.937378
900;-1.529114;-0.186325;-0.500671
901;-0.306366;0.744034;-0.247879
902;-0.186005;1.278519;0.030167
903;-0.175812;1.144409;0.089096
904;-0.831619;0.777481;0.254532
905;-2.708328;-0.406174;-0.357697
906;-4.174423;-2.276810;-0.202927
907;-1.404831;-1.635483;0.097580
908;0.301834;-1.055450;-0.240524
909;0.970871;-1.174179;-0.258911
910;0.877014;-1.129425;-0.615067
911;-0.164825;-1.488266;-0.494202
912;-1.855698;-1.932480;-0.628784
913;-3.374603;-1.867203;-1.090073
914;-2.838486;-0.473984;-0.374313
915;-0.759674;1.028519;-0.181152
916;-0.186417;1.715988;0.073746
917;0.180206;1.520935;0.244873
918;-0.262756;0.875366;0.069824
919;-1.729218;-0.293457;0.309021
920;-3.996338;-2.387192;0.404144
921;-2.298248;-1.819031;-0.461472
922;-0.303604;-1.100342;-0.085754
923;1.067764;-1.508728;-0.305710
924;1.204132;-2.086212;-0.512131
925;-0.531448;-2.208267;-0.398743
926;-1.679337;-1.655930;-0.566818
927;-2.478577;-1.912399;-0.552689
928;-1.933258;-0.530136;-0.318741
929;-0.607452;0.642776;-0.184814
930;-0.456894;1.181519;-0.070877
931;-0.531876;1.284897;0.252579
932;-0.708618;1.052124;0.085434
933;-2.186737;-0.125092;0.062561
934;-4.412720;-2.881775;-0.062073
935;-2.501770;-2.972672;-0.369644
936;0.382324;-1.850159;0.210037
937;0.947815;-1.571930;-0.464050
938;1.093277;-1.110031;-0.905930
939;0.155518;-1.194199;-0.486557
940;-1.417984;-1.861374;-0.580093
941;-3.035965;-2.571121;-0.406036
942;-2.716888;-1.441696;-0.563095
943;-1.318527;0.206924;-0.242493
944;-0.363037;1.155914;-0.296143
945;-0.438797;1.523560;0.154083
946;-0.322189;1.253006;-0.109268
947;-1.574509;0.846558;-0.141983
948;-3.920044;-2.860245;-0.403748
949;-2.620026;-3.069687;-0.814697
950;-0.104279;-1.783569;0.147827
951;1.116119;-1.233307;-0.329895
952;1.242630;-1.037933;-0.621155
953;0.302933;-1.154373;-0.626343
954;-1.080933;-1.824661;-0.724152
955;-2.500900;-2.806931;-0.520752
956;-2.595001;-1.723663;-0.471512
957;-1.066406;0.105133;-0.254303
958;-0.567566;1.052505;-0.173370
959;-0.516693;1.552689;0.163925
960;-0.574234;1.214615;0.101624
961;-1.203445;0.955826;0.115753
962;-3.299561;-1.729034;0.574966
963;-3.697418;-3.558472;-0.574646
964;-0.864639;-2.486160;0.008347
965;0.828873;-1.400253;-0.821121
966;1.201675;-1.318390;-1.038742
967;0.381744;-1.289261;-0.685028
968;-0.927078;-1.861618;-0.358810
969;-2.355942;-2.761139;-0.069504
970;-2.964355;-2.087601;-0.317993
971;-1.661316;-0.216370;-0.191376
972;-0.639481;1.257507;-0.232620
973;-0.692413;1.592499;0.025055
974;-0.589874;1.378830;0.095627
975;-1.227814;0.824112;0.248947
976;-2.927979;-1.378540;0.462570
977;-4.334579;-3.334152;-0.605713
978;-1.260635;-2.369904;-0.386795
979;0.787491;-1.529190;-0.391998
980;1.592590;-1.415344;-0.588608
981;0.649063;-1.376038;-0.787415
982;-0.604858;-1.765396;-0.770294
983;-2.486603;-2.435638;-0.664337
984;-3.206970;-2.397629;-0.717361
985;-2.190689;-0.840057;-0.207520
986;-0.737930;0.956650;-0.353546
987;-0.394379;1.728256;-0.157150
988;-0.551880;1.594711;-0.031174
989;-1.092438;1.013229;-0.095139
990;-2.393387;0.035843;-0.039169
991;-4.794434;-3.059036;-0.246994
992;-2.312622;-2.959229;-0.997894
993;0.149460;-1.723770;-0.134460
994;1.202240;-1.471268;-0.269821
995;1.010101;-1.262589;-0.429947
996;-0.174164;-1.549362;-0.660477
997;-1.629990;-2.182480;-0.556625
998;-2.906937;-2.665222;-0.802872
999;-3.054062;-1.793488;-0.577133
1000;-1.362213;0.310989;-0.260559
1001;-0.450348;1.686462;-0.183578
1002;-0.682281;1.836197;0.162613
1003;-0.688599;1.306213;-0.232422
1004;-1.627716;0.770325;0.017883
1005;-4.553146;-1.769104;-0.553009
1006;-4.168304;-3.318420;-1.238068
1007;-1.106262;-2.368240;-0.035461
1008;1.210892;-1.583252;-0.676147
1009;2.010986;-1.598633;-0.701401
1010;0.649796;-1.582275;-0.948746
1011;-0.931290;-1.970245;-0.783203
1012;-2.828964;-2.515106;-0.609726
1013;-3.401062;-2.390900;-0.542419
1014;-2.275772;-0.695404;-0.172440
1015;-0.984497;1.193604;-0.369385
1016;-0.738541;1.815475;-0.083832
1017;-0.647385;1.589615;-0.048950
1018;-1.350327;1.134628;0.030258
1019;-4.169235;-1.023712;0.152237
1020;-5.264465;-3.579086;-1.972702
1021;-0.800369;-2.436310;0.159286
1022;1.133102;-1.820740;-0.927017
1023;2.286697;-1.486511;-1.054337
1024;0.764694;-1.164642;-1.500000
1025;-0.676132;-1.605057;-1.272095
1026;-2.794617;-3.097031;-0.674347
1027;-3.917938;-2.715622;-0.516373
1028;-2.477936;-0.592102;-0.209595
1029;-1.311188;1.306580;-0.144531
1030;-0.656113;1.995102;-0.006699
1031;-0.699982;1.652191;-0.020065
1032;-1.304123;1.040405;-0.230774
1033;-2.608795;-0.497910;-0.157272
1034;-4.714325;-4.014236;-0.868179
1035;-1.272888;-2.960403;-0.376328
1036;0.874527;-1.702362;-0.229691
1037;1.576172;-1.289764;-0.760284
1038;0.937256;-1.048157;-0.735046
1039;-0.344223;-1.529495;-0.550934
1040;-2.297684;-2.845459;-0.802139
1041;-3.248322;-2.728241;-0.638519
1042;-2.280548;-0.839294;-0.306534
1043;-0.737045;1.125961;-0.351440
1044;-0.554520;1.657486;0.020493
1045;-0.494476;1.397675;0.074905
1046;-0.958984;0.801498;-0.080963
1047;-1.787308;-0.041565;0.112640
1048;-4.869385;-3.246964;0.413452
1049;-2.024109;-2.841660;-1.020096
1050;0.285431;-1.770493;-0.672592
1051;1.366089;-1.686752;-0.905609
1052;0.930099;-1.555389;-0.111145
1053;-0.223709;-1.710190;-0.161850
1054;-2.011856;-2.193787;-0.678833
1055;-3.104370;-2.276169;-0.815948
1056;-2.236404;-0.663239;-0.681641
1057;-0.521423;0.853500;-0.156540
1058;-0.545029;1.299438;0.200409
1059;-0.684418;1.396408;0.013519
1060;-0.774857;1.053314;0.042831
1061;-2.030731;0.416672;0.438644
1062;-4.490295;-2.923386;0.267075
1063;-2.555496;-2.883133;-1.189529
1064;-0.106842;-1.969177;-0.547989
1065;1.041626;-1.515793;-1.058319
1066;0.816116;-1.646927;-0.903427
1067;-0.173737;-1.659836;-0.836212
1068;-1.668976;-2.117447;-0.378983
1069;-3.166214;-2.490952;-0.494766
1070;-2.884827;-1.367920;-0.610489
1071;-1.434738;0.398941;-0.171829
1072;-0.190720;1.788239;-0.112213
1073;-0.728729;1.785187;0.106094
1074;-0.847504;1.076279;0.102661
1075;-1.937912;0.306595;0.439789
1076;-3.769638;-2.699417;0.545761
1077;-2.811111;-3.163757;-0.944000
1078;-0.816376;-2.068497;-0.137192
1079;1.050491;-1.299164;-0.825714
1080;1.334976;-1.305984;-0.767853
1081;0.395981;-1.371750;-0.579697
1082;-0.895630;-1.947647;-0.572220
1083;-2.222702;-2.283218;-0.556183
1084;-2.823425;-2.011398;-0.409225
1085;-1.720764;-0.308060;-0.148361
1086;-0.622818;0.919724;-0.023361
1087;-0.584641;1.525314;-0.015976
1088;-0.575729;1.345901;0.100372
1089;-1.290909;0.653000;0.171875
1090;-2.967972;-2.147980;0.132675
1091;-2.830551;-3.270035;-1.039062
1092;-0.805206;-2.358597;-0.237106
1093;1.035172;-1.535553;-0.143356
1094;1.272980;-1.242554;-0.543671
1095;0.463043;-1.291443;-0.489853
1096;-0.715515;-1.694107;-0.580048
1097;-2.289536;-2.820206;-0.557114
1098;-2.923477;-2.066086;-0.561203
1099;-1.429459;0.170975;-0.294830
1100;-0.392120;1.118607;-0.065628
1101;-0.756409;1.448792;0.237869
1102;-0.494659;1.203094;0.094193
1103;-1.276199;0.705002;0.184509
1104;-2.702301;-2.024399;-0.168503
1105;-3.306427;-3.244736;-0.949341
1106;-1.100327;-2.136230;-0.298309
1107;0.637177;-1.507721;-0.390488
1108;1.276855;-1.351578;-0.470169
1109;0.869232;-1.274368;-0.420609
1110;-0.298889;-1.329788;-0.476807
1111;-1.966095;-2.438644;-0.785324
1112;-3.474655;-2.648834;-0.760925
1113;-2.043930;-0.779587;-0.344269
1114;-0.906799;0.958374;-0.182953
1115;-0.686127;1.592041;0.167969
1116;-0.522675;1.525513;0.060913
1117;-1.148102;0.921417;0.014053
1118;-2.839661;-1.839020;-0.308685
1119;-3.057770;-3.622192;-0.548141
1120;-0.591721;-2.096039;-0.230606
1121;0.642883;-1.436935;-0.148468
1122;1.157257;-1.095535;-0.345734
1123;0.938873;-0.891479;-0.512726
1124;-0.003662;-1.224625;-0.535583
1125;-1.173615;-2.050140;-0.575699
1126;-2.640625;-2.501221;-0.698425
1127;-2.084595;-1.128738;-0.397614
1128;-0.754059;0.588684;-0.151062
1129;-0.606979;1.217422;0.024628
1130;-0.516739;1.385284;0.131531
1131;-0.944839;0.931671;0.019165
1132;-1.835648;-0.097473;-0.040207
1133;-4.030090;-2.801361;-0.387680
1134;-2.345474;-2.700668;-0.866898
1135;-0.030319;-1.565750;-0.248154
1136;0.847427;-1.341095;-0.308182
1137;1.082870;-1.239517;-0.504822
1138;0.205063;-1.351730;-0.548141
1139;-1.105759;-1.815155;-0.549484
1140;-2.537460;-2.461441;-0.284805
1141;-2.589600;-2.050323;-0.061050
1142;-1.565002;-0.302521;-0.194305
1143;-0.805191;1.214966;-0.288574
1144;-0.814804;1.905106;0.199738
1145;-0.662140;1.457993;0.063370
1146;-1.343262;0.574112;0.221451
1147;-3.783096;-2.469574;0.568436
1148;-2.767761;-2.938019;-0.891769
1149;-0.739639;-2.181076;0.213882
1150;0.642975;-1.405701;-0.370605
1151;1.084518;-1.400742;-0.486694
1152;0.231033;-1.606049;-0.519196
1153;-1.066818;-1.875900;-0.354446
1154;-2.255585;-2.284866;-0.126480
1155;-2.812790;-1.858719;-0.303040
1156;-1.658203;-0.367706;-0.309204
1157;-0.653183;1.239243;-0.048218
1158;-0.680496;1.619522;0.409622
1159;-0.643646;1.349197;-0.023804
1160;-1.334671;0.651321;0.083984
1161;-3.050980;-1.371368;0.033325
1162;-4.028381;-3.026337;-0.759903
1163;-1.648773;-2.283188;-0.733185
1164;0.625824;-1.413910;-0.563080
1165;1.192291;-1.494186;-0.603241
1166;0.734451;-1.493729;-0.297241
1167;-0.502121;-1.524536;-0.254211
1168;-1.917007;-2.207474;-0.282318
1169;-3.193115;-2.320541;-0.609283
1170;-2.346909;-0.897827;-0.594757
1171;-0.909302;0.901062;-0.169922
1172;-0.451447;1.525787;0.364090
1173;-0.447922;1.586655;0.317810
1174;-0.801651;0.990540;-0.002594
1175;-1.650589;0.151428;-0.048508
1176;-4.193130;-2.844177;0.220795
1177;-2.921707;-2.743652;-1.888123
1178;-0.387680;-1.637222;-0.437744
1179;1.063385;-1.138214;-0.089920
1180;1.255005;-0.879425;-0.914322
1181;0.256577;-1.111130;-0.893051
1182;-1.098938;-1.786362;-0.516541
1183;-2.490921;-2.655884;-0.312393
1184;-2.860840;-1.891541;-0.435699
1185;-1.415451;-0.097641;-0.066025
1186;-0.376709;1.179031;-0.104507
1187;-0.790176;1.753265;0.195496
1188;-0.691284;1.380859;0.109360
1189;-1.603973;0.650772;-0.038559
1190;-4.461044;-2.705673;-0.304611
1191;-2.933197;-3.298126;-0.572601
1192;-0.441742;-1.946320;0.095886
1193;0.888107;-1.533966;-0.129562
1194;1.199509;-1.371536;-0.564331
1195;0.286469;-1.481247;-0.725906
1196;-1.093735;-1.830826;-0.762955
1197;-2.844208;-2.477173;-0.334137
1198;-2.681122;-1.764450;-0.312759
1199;-1.586914;0.101257;-0.305740
1200;-0.656998;1.357819;-0.247726
1201;-0.766556;1.796356;0.152435
1202;-0.763092;1.283875;-0.004150
1203;-1.480835;0.640106;0.177078
1204;-3.555038;-1.679138;0.090210
1205;-3.624512;-2.994095;-0.559875
1206;-1.292786;-2.187973;0.171387
1207;0.428909;-1.598694;-0.370346
1208;0.945877;-1.575394;-0.239655
1209;0.361496;-1.460022;-0.408722
1210;-0.830902;-1.780121;-0.223373
1211;-2.457504;-2.272385;-0.228149
1212;-3.330673;-2.038940;-0.365479
1213;-2.318390;-0.596954;-0.367981
1214;-1.022079;0.907043;-0.195297
1215;-0.582291;1.739761;-0.034637
1216;-0.414169;1.743896;0.221710
1217;-0.878510;1.034927;0.045609
1218;-2.575546;-0.123718;0.215912
1219;-5.032394;-2.739594;-0.403976
1220;-2.591705;-2.803360;-1.152039
1221;0.222504;-2.049500;-0.314072
1222;1.574585;-2.124207;-0.684143
1223;1.227402;-2.052948;-0.694168
1224;-0.575806;-1.795868;-1.027496
1225;-2.417953;-2.575424;-0.579956
1226;-4.028976;-2.848984;-0.491394
1227;-2.933151;-1.055099;-0.620392
1228;-1.319702;1.004791;-0.458298
1229;-0.604034;1.717667;-0.243729
1230;-0.619064;1.599289;0.038742
1231;-0.918777;0.883240;-0.102783
1232;-2.061798;-0.195007;-0.124802
1233;-4.118317;-3.388870;-0.303360
1234;-1.875046;-3.664520;-0.000153
1235;0.215286;-1.757797;0.038437
1236;1.253906;-1.285324;-0.325500
1237;1.245316;-0.950302;-0.279968
1238;0.382034;-1.130463;-0.215393
1239;-0.811890;-2.135071;-0.665833
1240;-2.138657;-3.133026;-0.460251
1241;-2.465622;-2.366974;-0.967896
1242;-1.545135;-0.244919;-0.351685
1243;-0.864365;1.099945;-0.326614
1244;-0.769669;1.669037;0.307373
1245;-0.670761;1.224976;0.215073
1246;-1.561096;0.325851;0.090622
1247;-3.492798;-3.176056;-0.144684
1248;-2.069107;-3.886642;-0.767334
1249;0.161087;-1.840103;0.125305
1250;1.103424;-1.092255;-0.464035
1251;1.490097;-0.735214;-0.501907
1252;0.430664;-0.990311;-0.532516
1253;-0.865341;-2.059448;-0.387283
1254;-1.779694;-2.550568;-0.473648
1255;-2.057068;-1.850586;-0.798904
1256;-1.176987;-0.124191;-0.365677
1257;-0.670029;0.897446;-0.212296
1258;-0.381882;1.446091;0.172775
1259;-0.805481;0.957031;0.195450
1260;-1.759460;-0.425232;0.306686
1261;-3.901886;-2.897034;-0.340424
1262;-1.578491;-2.712769;-0.917496
1263;0.036575;-1.936539;-0.118042
1264;1.089203;-1.106201;-0.617752
1265;1.310043;-0.622940;-0.427521
1266;0.541519;-0.641220;-0.455414
1267;-0.420364;-1.627014;-0.116287
1268;-2.230927;-3.227417;-0.406601
1269;-2.719376;-2.145386;-0.280609
1270;-1.240814;-0.030319;0.000061
1271;-0.414047;1.084579;-0.423203
1272;-0.429230;1.475418;0.095215
1273;-0.678528;1.001038;0.073456
1274;-1.372864;0.565598;-0.033966
1275;-3.390121;-2.640976;0.024277
1276;-3.039215;-3.032684;-1.331619
1277;-0.539520;-1.822800;-0.046356
1278;0.571335;-1.191071;-0.517075
1279;1.027115;-0.819733;-0.484909
1280;0.660370;-0.994400;-0.587112
1281;-0.944000;-1.799316;-0.341034
1282;-2.063889;-2.275818;-0.247574
1283;-2.326706;-1.721634;-0.458084
1284;-1.393494;-0.189377;-0.145920
1285;-0.243073;0.886292;-0.293518
1286;-0.426651;1.499680;0.053711
1287;-0.454330;1.419052;-0.008102
1288;-1.256546;0.873627;0.050751
1289;-3.471848;-1.873657;-0.082550
1290;-4.113922;-3.393005;-0.314987
1291;-0.929214;-2.211105;-0.021988
1292;0.730133;-1.325790;-0.166718
1293;1.082458;-1.091095;-0.592834
1294;0.857605;-0.950439;-0.854004
1295;-0.388229;-1.246704;-0.656494
1296;-1.632919;-2.245453;-0.078232
1297;-2.796814;-2.573456;-0.092819
1298;-2.442169;-1.453064;-0.025436
1299;-0.799088;0.672073;-0.017960
1300;-0.239365;1.374802;0.021301
1301;-0.480927;1.341721;0.170898
1302;-0.777756;0.861237;0.152267
1303;-1.951828;0.425064;0.035950
1304;-4.975403;-2.826141;-0.493774
1305;-2.679245;-2.436539;-1.469009
1306;-0.028793;-1.557693;-0.345032
1307;0.798569;-1.412842;-0.347687
1308;1.122452;-1.087402;-0.674500
1309;0.211517;-1.083084;-0.667221
1310;-0.427811;-1.289185;-0.691452
1311;-3.016922;-2.476135;-0.674774
1312;-2.823090;-1.756973;-1.325760
1313;-1.626007;-0.233002;-0.450989
1314;-0.376923;0.975555;0.184036
1315;-0.433502;1.425354;0.395752
1316;-0.322449;1.400482;0.215881
1317;-1.037994;1.040558;0.218170
1318;-2.875961;-0.970062;-0.338272
1319;-4.702240;-3.370438;-0.526703
1320;-1.100327;-2.035553;-0.194656
1321;0.392014;-1.202438;-0.392258
1322;0.930359;-0.805267;-0.735046
1323;0.833923;-0.708588;-0.771698
1324;0.041046;-1.247101;-0.315552
1325;-1.269287;-2.161667;0.085342
1326;-1.656403;-2.857346;0.243729
1327;-1.807190;-2.118179;0.107880
1328;-1.072662;0.037582;-0.048004
1329;-0.708801;1.221161;-0.375153
1330;-0.816452;1.345352;-0.103638
1331;-0.878357;0.934219;-0.034424
1332;-1.400711;0.611923;0.227859
1333;-3.725555;-1.092209;0.260925
1334;-4.471909;-3.111847;-1.171631
1335;-1.578171;-2.276718;-0.610229
1336;0.768997;-1.576248;-0.718872
1337;1.219742;-1.552872;-0.774277
1338;0.610931;-1.430496;-0.572922
1339;-0.405197;-1.242554;-0.544846
1340;-2.444916;-2.187057;-0.393723
1341;-3.285446;-2.426178;-0.505661
1342;-2.125290;-0.672791;-0.157013
1343;-0.664932;0.837341;-0.048737
1344;-0.458572;1.247147;-0.028351
1345;-0.505386;1.297104;0.065674
1346;-0.815536;1.016678;0.067383
1347;-1.898132;0.432953;0.125076
1348;-4.503128;-2.322021;-0.170624
1349;-2.857803;-2.541763;-1.029800
1350;-0.531464;-1.592819;-0.181870
1351;0.569565;-1.510361;-0.491333
1352;0.786438;-1.312698;-0.733765
1353;0.023560;-1.268204;-0.454361
1354;-1.324692;-1.339325;-0.388412
1355;-2.448715;-1.642853;-0.459991
1356;-3.327652;-1.581421;-0.253036
1357;-1.689926;0.018753;-0.112823
1358;-0.464478;0.833969;0.035645
1359;-0.376343;1.390335;0.235794
1360;0.037766;1.206116;0.189270
1361;-1.055710;0.724609;0.149185
1362;-2.003342;-0.332855;-0.137329
1363;-4.385849;-2.112350;-0.859299
1364;-2.179886;-2.218307;-0.964920
1365;-0.147049;-1.428802;-0.256653
1366;0.703918;-1.150864;-0.500000
1367;1.055771;-0.989182;-0.958130
1368;0.202087;-1.033569;-1.012070
1369;-1.805420;-2.040161;-1.252579
1370;-2.370758;-2.435730;-0.912643
1371;-3.005737;-1.952042;-0.669556
1372;-1.763321;0.068466;-0.217224
1373;-0.545898;1.089996;0.110229
1374;-0.352798;1.621567;0.214981
1375;-0.471512;1.240723;0.338120
1376;-1.334869;0.934418;0.264969
1377;-3.342560;-0.804855;-0.145477
1378;-4.718277;-2.565796;-1.986603
1379;-1.311203;-2.718063;-0.789261
1380;0.286240;-1.921326;-0.629608
1381;1.098938;-1.319199;-0.563766
1382;0.984283;-0.843201;-0.394318
1383;0.346375;-0.758728;-0.632050
1384;-0.987717;-1.281769;-0.623718
1385;-1.304947;-1.945770;-1.112091
1386;-1.063782;-0.860825;-1.647324
1387;-1.304459;0.554626;-1.245560
1388;-0.274796;0.294678;-0.525131
1389;-0.230698;0.166107;-0.295090
1390;-0.320938;0.090149;-0.465561
1391;-0.167343;0.058899;-0.656479
1392;-0.269348;0.011169;-0.991196
1393;-0.305923;0.060257;-0.991150
1394;-0.599533;0.398453;-1.381317
1395;-0.057602;-0.053421;-1.172333
1396;-0.179077;-0.170288;-0.972092
1397;-0.067551;-0.100891;-0.866623
1398;-0.018936;-0.203461;-0.914368
1399;-0.048737;-0.266113;-0.903137
1400;-0.137054;-0.298248;-0.909012
1401;-0.108658;-0.323380;-0.943710
1402;-0.030380;-0.448547;-0.832230
1403;-0.018692;-0.518188;-0.812698
1404;0.080078;-0.454224;-0.782333
1405;0.271240;-0.565735;-0.651505
1406;0.031631;-0.410980;-0.914551
