index;x;y;z
0;-0.266434;-0.285110;-0.757996
1;-0.201126;-0.226852;-0.491791
2;-0.364151;0.015198;-0.328842
3;-0.433624;0.041595;-0.316605
4;-0.397293;-0.378342;0.124588
5;-0.684082;0.184906;-0.529144
6;-1.223679;0.524643;-0.667526
7;-1.323410;0.649414;-1.011322
8;-1.746002;0.209930;-1.170609
9;-1.275818;0.017685;-1.731812
10;-0.913361;0.136780;-0.783005
11;-0.821121;0.245697;-0.573639
12;-0.608704;0.268646;-0.581223
13;-0.531189;0.266739;-0.579742
14;-0.552338;0.277481;-0.639435
15;-0.661835;0.272873;-0.658813
16;-0.682617;0.253677;-0.672974
17;-0.690842;0.220306;-0.709976
18;-0.695892;0.189529;-0.629623
19;-0.762024;0.169724;-0.703415
20;-0.752655;0.094467;-0.600616
21;-0.767136;0.142395;-0.634644
22;-0.740295;0.167725;-0.685730
23;-0.726456;0.155624;-0.635757
24;-0.741760;0.186417;-0.650116
25;-0.760330;0.178009;-0.635574
26;-0.747482;0.167786;-0.611130
27;-0.768707;0.161163;-0.624115
28;-0.807724;0.166916;-0.617264
29;-0.774338;0.153625;-0.593750
30;-0.783463;0.169983;-0.620071
31;-0.767639;0.161850;-0.617889
32;-0.766068;0.165527;-0.616470
33;-0.772064;0.175262;-0.623550
34;-0.753799;0.184418;-0.615845
35;-0.799911;0.195999;-0.619278
36;-0.754715;0.174423;-0.601227
37;-0.778320;0.181946;-0.613632
38;-0.766129;0.172119;-0.596680
39;-0.764465;0.174500;-0.609802
40;-0.784164;0.189377;-0.614014
41;-0.781326;0.184967;-0.603836
42;-0.767227;0.167465;-0.599319
43;-0.783493;0.167114;-0.594589
44;-0.776505;0.179428;-0.606201
45;-0.766235;0.183517;-0.614349
46;-0.768387;0.187103;-0.611252
47;-0.786606;0.191010;-0.623505
48;-0.765808;0.172455;-0.610199
49;-0.774063;0.173386;-0.599594
50;-0.777405;0.168457;-0.604553
51;-0.781326;0.170624;-0.594650
52;-0.769577;0.171860;-0.608597
53;-0.787628;0.187378;-0.617050
54;-0.786697;0.174377;-0.590164
55;-0.786346;0.176636;-0.605621
56;-0.762009;0.175049;-0.599960
57;-0.805557;0.179504;-0.605896
58;-0.779327;0.164215;-0.598633
59;-0.792191;0.183136;-0.582520
60;-0.757401;0.172302;-0.593750
61;-0.796234;0.185928;-0.605957
62;-0.769653;0.167862;-0.608353
63;-0.772324;0.176041;-0.601715
64;-0.789871;0.177460;-0.583084
65;-0.772552;0.177765;-0.594849
66;-0.797043;0.196838;-0.603928
67;-0.783493;0.175018;-0.589569
68;-0.785858;0.170227;-0.585205
69;-0.797470;0.176041;-0.582413
70;-0.786819;0.174622;-0.584595
71;-0.794846;0.179642;-0.590683
72;-0.791824;0.171204;-0.587051
73;-0.794708;0.170944;-0.588577
74;-0.789307;0.177689;-0.595886
75;-0.782272;0.178314;-0.592514
76;-0.797226;0.188492;-0.599579
77;-0.778809;0.180908;-0.587524
78;-0.792007;0.177612;-0.588760
79;-0.794724;0.180389;-0.591415
80;-0.798904;0.189835;-0.598343
81;-0.784592;0.180725;-0.573334
82;-0.788498;0.176880;-0.579239
83;-0.791550;0.176590;-0.586731
84;-0.792480;0.176468;-0.584152
85;-0.793518;0.180054;-0.579971
86;-0.798203;0.177170;-0.574173
87;-0.797562;0.179245;-0.587143
88;-0.797607;0.177536;-0.573212
89;-0.785004;0.170609;-0.586792
90;-0.783081;0.170471;-0.588211
91;-0.793381;0.171494;-0.588516
92;-0.777069;0.167542;-0.592651
93;-0.816605;0.178162;-0.590103
94;-0.791672;0.160431;-0.581116
95;-0.823349;0.178207;-0.572525
96;-0.783020;0.159225;-0.571686
97;-0.814423;0.186188;-0.589539
98;-0.791504;0.165649;-0.566788
99;-0.793549;0.174561;-0.574127
100;-0.796143;0.179123;-0.573273
101;-0.784622;0.174408;-0.570160
102;-0.803162;0.181503;-0.587784
103;-0.782318;0.167969;-0.578766
104;-0.796906;0.173340;-0.588425
105;-0.789917;0.164520;-0.576019
106;-0.811630;0.168823;-0.582733
107;-0.800812;0.164230;-0.579239
108;-0.804596;0.174606;-0.581680
109;-0.807693;0.166245;-0.572159
110;-0.805786;0.167999;-0.561905
111;-0.806595;0.181839;-0.573364
112;-0.796143;0.177872;-0.560776
113;-0.815216;0.180649;-0.566254
114;-0.797989;0.187057;-0.577011
115;-0.799484;0.180939;-0.569778
116;-0.790833;0.172791;-0.569107
117;-0.813782;0.183701;-0.573547
118;-0.800278;0.173431;-0.581787
119;-0.802582;0.169174;-0.559143
120;-0.804718;0.178391;-0.573578
121;-0.807251;0.170059;-0.573975
122;-0.806564;0.173370;-0.565872
123;-0.797134;0.172806;-0.575516
124;-0.796936;0.200912;-0.567505
125;-0.605835;0.101761;-0.543381
126;-0.650833;0.193878;-0.659821
127;-0.575729;0.300903;-0.830750
128;-0.504715;0.311569;-0.789444
129;-0.532684;0.301392;-0.821854
130;-0.666779;0.283844;-0.747162
131;-0.579117;0.249680;-0.831604
132;-0.506012;0.220749;-0.922363
133;-0.489090;0.250992;-0.849304
134;-0.454178;0.193604;-0.864594
135;-0.466797;0.168961;-0.779404
136;-0.507660;0.194153;-0.801346
137;-0.498703;0.198212;-0.842255
138;-0.469101;0.202164;-0.866348
139;-0.461731;0.246567;-0.884171
140;-0.448502;0.236465;-0.871307
141;-0.410324;0.218109;-0.878052
142;-0.383469;0.206070;-0.932892
143;-0.393936;0.198151;-0.928574
144;-0.359085;0.190720;-0.899155
145;-0.334427;0.182663;-0.890808
146;-0.390594;0.220154;-0.915115
147;-0.361603;0.192841;-0.916626
148;-0.363480;0.182526;-0.901901
149;-0.375793;0.188568;-0.904922
150;-0.373428;0.187439;-0.915314
151;-0.362564;0.183762;-0.903458
152;-0.367340;0.186844;-0.912598
153;-0.379105;0.184631;-0.894958
154;-0.376740;0.183868;-0.902466
155;-0.391983;0.187836;-0.890656
156;-0.423706;0.202667;-0.899475
157;-0.402008;0.195816;-0.906860
158;-0.411194;0.191467;-0.886581
159;-0.414459;0.193130;-0.883560
160;-0.402069;0.190247;-0.889359
161;-0.420761;0.199387;-0.901535
162;-0.414536;0.197357;-0.893280
163;-0.414429;0.184891;-0.884521
164;-0.425140;0.186188;-0.885895
165;-0.420486;0.185181;-0.887299
166;-0.411880;0.182449;-0.883011
167;-0.415970;0.149536;-0.913406
168;-0.444229;0.125092;-0.976044
169;-0.413742;0.132523;-0.907608
170;-0.390656;0.160248;-0.890991
171;-0.369904;0.180984;-0.866150
172;-0.363464;0.199921;-0.876709
173;-0.384216;0.211823;-0.882736
174;-0.382034;0.193207;-0.880646
175;-0.398636;0.193314;-0.892883
176;-0.387177;0.193069;-0.879791
177;-0.384796;0.186493;-0.880066
178;-0.400116;0.189606;-0.892487
179;-0.402084;0.175552;-0.895859
180;-0.410263;0.172195;-0.922958
181;-0.410645;0.166595;-0.921158
182;-0.408936;0.171936;-0.922516
183;-0.403076;0.181122;-0.908829
184;-0.399902;0.190796;-0.906372
185;-0.396408;0.191406;-0.895264
186;-0.398712;0.195221;-0.889191
187;-0.398468;0.204224;-0.895691
188;-0.392776;0.200958;-0.890488
189;-0.401245;0.204010;-0.883469
190;-0.397156;0.207062;-0.890594
191;-0.395752;0.206726;-0.884506
192;-0.413406;0.206223;-0.894608
193;-0.402756;0.198730;-0.903000
194;-0.413666;0.203735;-0.890350
195;-0.394882;0.193909;-0.883606
196;-0.418091;0.204620;-0.891312
197;-0.408722;0.200378;-0.896713
198;-0.403763;0.204315;-0.891754
199;-0.408966;0.207169;-0.878540
200;-0.402802;0.202087;-0.892548
201;-0.404251;0.197266;-0.883438
202;-0.406815;0.203079;-0.893616
203;-0.379822;0.208405;-0.905319
204;-0.414246;0.183609;-0.932281
205;-0.389984;0.184906;-0.848694
206;-0.390701;0.207443;-0.886841
207;-0.386719;0.210953;-0.896683
208;-0.383728;0.216263;-0.908356
209;-0.371933;0.219208;-0.910416
210;-0.382111;0.221603;-0.891312
211;-0.407242;0.222595;-0.901520
212;-0.404144;0.221436;-0.867020
213;-0.398422;0.219452;-0.893570
214;-0.398804;0.226746;-0.891403
215;-0.386368;0.216827;-0.890533
216;-0.399124;0.229965;-0.885910
217;-0.407211;0.226364;-0.893250
218;-0.422958;0.219101;-0.869995
219;-0.424118;0.219711;-0.886673
220;-0.416382;0.207062;-0.874069
221;-0.414322;0.221603;-0.886749
222;-0.411240;0.219269;-0.886337
223;-0.418518;0.226837;-0.878922
224;-0.415680;0.227615;-0.883423
225;-0.410736;0.223633;-0.881744
226;-0.420761;0.223083;-0.885422
227;-0.412872;0.223328;-0.872025
228;-0.413788;0.228119;-0.878098
229;-0.415558;0.219772;-0.877136
230;-0.415848;0.216095;-0.889267
231;-0.420090;0.218231;-0.882187
232;-0.417679;0.209839;-0.881027
233;-0.426331;0.221481;-0.878448
234;-0.413452;0.214294;-0.887756
235;-0.416824;0.212143;-0.887817
236;-0.422974;0.212601;-0.880188
237;-0.415726;0.222580;-0.895889
238;-0.414520;0.227417;-0.871765
239;-0.412033;0.227249;-0.883636
240;-0.414795;0.215851;-0.873093
241;-0.440903;0.220505;-0.870514
242;-0.405579;0.227997;-0.899765
243;-0.400864;0.206985;-0.906067
244;-0.407974;0.106186;-1.040741
245;-0.409470;0.010254;-1.166840
246;-0.454788;0.041840;-1.278275
247;-0.398132;0.108566;-1.198639
248;-0.243118;0.093109;-1.207550
249;-0.163742;0.180420;-1.194519
250;-0.116776;0.193436;-1.247940
251;-0.028183;0.179398;-1.180084
252;0.013931;0.135254;-0.971512
253;0.000717;0.026215;-0.935242
254;0.013702;-0.066757;-0.879166
255;0.061554;-0.133820;-0.736115
256;0.110352;-0.174225;-0.762939
257;0.051880;-0.185791;-0.724731
258;0.123077;-0.254166;-0.797409
259;0.077896;-0.239395;-0.824997
260;0.143646;-0.279297;-0.791870
261;0.108871;-0.347916;-0.783569
262;0.125092;-0.382980;-0.823517
263;0.090515;-0.385147;-0.760834
264;0.103088;-0.398483;-0.822525
265;0.089005;-0.399475;-0.813934
266;0.077957;-0.403168;-0.827423
267;0.058258;-0.416321;-0.825607
268;0.067108;-0.441666;-0.836578
269;0.057190;-0.430389;-0.914948
270;0.070679;-0.423615;-0.891510
271;0.051788;-0.432327;-0.877594
272;0.041428;-0.431519;-0.937943
273;0.054764;-0.410202;-0.931442
274;0.054184;-0.417587;-0.887787
275;0.026505;-0.420822;-0.922974
276;0.033157;-0.415115;-0.918289
277;0.043762;-0.419785;-0.885056
278;0.044525;-0.413864;-0.877731
279;0.040192;-0.407394;-0.890610
280;0.022720;-0.410034;-0.944046
281;0.016068;-0.405273;-0.923370
282;0.008606;-0.416107;-0.890976
283;-0.005539;-0.421692;-0.905960
284;-0.002945;-0.416138;-0.937424
285;-0.009506;-0.425735;-0.925751
286;-0.005112;-0.432327;-0.904556
287;-0.004272;-0.425552;-0.916016
288;0.006393;-0.420517;-0.914551
289;0.006119;-0.419724;-0.909958
290;0.010544;-0.412369;-0.910263
291;0.005554;-0.418503;-0.893860
292;0.005493;-0.416214;-0.888367
293;0.004532;-0.418121;-0.880051
294;-0.004517;-0.414459;-0.912445
295;0.003860;-0.426727;-0.898102
296;-0.001297;-0.425369;-0.928268
297;-0.006256;-0.425858;-0.914719
298;-0.009583;-0.435898;-0.901962
299;-0.003708;-0.425400;-0.904175
300;0.006744;-0.424973;-0.902969
301;0.007431;-0.430237;-0.896378
302;0.013794;-0.420715;-0.906326
303;0.014252;-0.419632;-0.905945
304;0.011292;-0.427475;-0.897202
305;0.015625;-0.421585;-0.891983
306;0.013031;-0.424454;-0.897659
307;0.011826;-0.418152;-0.909729
308;0.015060;-0.417160;-0.912872
309;0.010330;-0.412231;-0.912750
310;0.011444;-0.424683;-0.902542
311;0.004974;-0.415253;-0.904587
312;0.011871;-0.413101;-0.890991
313;-0.004898;-0.412170;-0.915695
314;-0.001556;-0.407120;-0.914291
315;0.003143;-0.414352;-0.900986
316;-0.006912;-0.416656;-0.908600
317;-0.006622;-0.415771;-0.924393
318;-0.009567;-0.416580;-0.919861
319;0.007187;-0.412460;-0.883057
320;0.014313;-0.397232;-0.883011
321;-0.009628;-0.397522;-0.913849
322;-0.033401;-0.416595;-0.913773
323;-0.045349;-0.418274;-0.935226
324;-0.027802;-0.426849;-0.914383
325;-0.020447;-0.423798;-0.917038
326;-0.002960;-0.407410;-0.907425
327;0.010117;-0.399994;-0.901215
328;0.008835;-0.397141;-0.890961
329;0.005539;-0.401505;-0.896072
330;0.002792;-0.399887;-0.904816
331;-0.002914;-0.406326;-0.928680
332;-0.008392;-0.412918;-0.929306
333;0.001724;-0.408752;-0.909149
334;0.001678;-0.408386;-0.919815
335;0.006989;-0.405304;-0.907349
336;-0.002426;-0.406769;-0.920609
337;0.000916;-0.398453;-0.910187
338;-0.005753;-0.403397;-0.915512
339;-0.004135;-0.397736;-0.914734
340;-0.010559;-0.413223;-0.899353
341;-0.011795;-0.410751;-0.916061
342;-0.010681;-0.410172;-0.887863
343;-0.010803;-0.406189;-0.908569
344;-0.007462;-0.396790;-0.924286
345;-0.003479;-0.409546;-0.901581
346;-0.008316;-0.420166;-0.893448
347;-0.011993;-0.420609;-0.896744
348;-0.013336;-0.416183;-0.896484
349;-0.006577;-0.414276;-0.906708
350;-0.004303;-0.415222;-0.917221
351;0.005493;-0.415756;-0.903214
352;-0.013275;-0.414261;-0.921768
353;-0.022430;-0.418808;-0.908051
354;-0.021149;-0.423386;-0.886841
355;-0.021301;-0.411163;-0.906296
356;-0.021606;-0.417862;-0.904144
357;-0.018082;-0.413086;-0.917999
358;-0.008057;-0.406982;-0.923569
359;-0.016846;-0.415070;-0.918518
360;-0.012085;-0.411789;-0.912766
361;-0.009018;-0.412796;-0.903214
362;0.000397;-0.413849;-0.897415
363;-0.006058;-0.400391;-0.929367
364;-0.033493;-0.409790;-0.902725
365;-0.045029;-0.414276;-0.904480
366;-0.032654;-0.404160;-0.908569
367;-0.021454;-0.402466;-0.908844
368;-0.023010;-0.404709;-0.913132
369;-0.025208;-0.415085;-0.900635
370;-0.023880;-0.410339;-0.908615
371;-0.017014;-0.413986;-0.912308
372;-0.011627;-0.407120;-0.919662
373;-0.019348;-0.410583;-0.914154
374;-0.030487;-0.408997;-0.919327
375;-0.021942;-0.404633;-0.909698
376;-0.029297;-0.421249;-0.897446
377;-0.031174;-0.414459;-0.899933
378;-0.027252;-0.419983;-0.893936
379;-0.032700;-0.419586;-0.907013
380;-0.019516;-0.410645;-0.913910
381;-0.039810;-0.414368;-0.918976
382;-0.040878;-0.418381;-0.915741
383;-0.038040;-0.414993;-0.908432
384;-0.028824;-0.410385;-0.902893
385;-0.027222;-0.415649;-0.894104
386;-0.033035;-0.415863;-0.908386
387;-0.030716;-0.416016;-0.905090
388;-0.034317;-0.412659;-0.912750
389;-0.023529;-0.413635;-0.904404
390;-0.034592;-0.410385;-0.916138
391;-0.026978;-0.418579;-0.904297
392;-0.033478;-0.412292;-0.917557
393;-0.027191;-0.411453;-0.896591
394;-0.042313;-0.420959;-0.901535
395;-0.038574;-0.412079;-0.912979
396;-0.020767;-0.419083;-0.887634
397;-0.026764;-0.415237;-0.908615
398;-0.025070;-0.414993;-0.904663
399;-0.024185;-0.413376;-0.906250
400;-0.026520;-0.415314;-0.904678
401;-0.028152;-0.425156;-0.904938
402;-0.026398;-0.428146;-0.898483
403;-0.023590;-0.410492;-0.914307
404;-0.036865;-0.416626;-0.921616
405;-0.034988;-0.426178;-0.912659
406;-0.030838;-0.409988;-0.897598
407;-0.026825;-0.401077;-0.899445
408;-0.031555;-0.402145;-0.893982
409;-0.039444;-0.408783;-0.909531
410;-0.046524;-0.406464;-0.911423
411;-0.045410;-0.421005;-0.923920
412;-0.050949;-0.421814;-0.914856
413;-0.044647;-0.418045;-0.911804
414;-0.031876;-0.397369;-0.898453
415;-0.049561;-0.413925;-0.899323
416;-0.033096;-0.412033;-0.874771
417;-0.043503;-0.410599;-0.875275
418;-0.044952;-0.410324;-0.850937
419;-0.074203;-0.423309;-0.843735
420;-0.058212;-0.428757;-0.855087
421;-0.063263;-0.444809;-0.879181
422;-0.034927;-0.433273;-0.941742
423;-0.021255;-0.420120;-0.958450
424;-0.018631;-0.411057;-0.956909
425;-0.032898;-0.412338;-0.953110
426;-0.032913;-0.405426;-0.948318
427;-0.033691;-0.401459;-0.944077
428;-0.035324;-0.398148;-0.929672
429;-0.057266;-0.391464;-0.925537
430;-0.052917;-0.386337;-0.914673
431;-0.071884;-0.390137;-0.893906
432;-0.074158;-0.388885;-0.878967
433;-0.074799;-0.394119;-0.898727
434;-0.094452;-0.381592;-0.906403
435;-0.047867;-0.382034;-0.909836
436;-0.071167;-0.376068;-0.951767
437;-0.050629;-0.388641;-0.919876
438;-0.072800;-0.385635;-0.941818
439;-0.073730;-0.372147;-0.944153
440;-0.056396;-0.369446;-0.919968
441;-0.052307;-0.363449;-0.934189
442;-0.064514;-0.369904;-0.906647
443;-0.027573;-0.385529;-0.889984
444;-0.038361;-0.373322;-0.942581
445;-0.096603;-0.372696;-0.951767
446;-0.141846;-0.379929;-0.926407
447;-0.103790;-0.396057;-0.881042
448;-0.033554;-0.376968;-0.877197
449;-0.011200;-0.338943;-0.923157
450;-0.045929;-0.321182;-0.974777
451;-0.067795;-0.332153;-0.960739
452;-0.068527;-0.348312;-0.922272
453;-0.080460;-0.367584;-0.924728
454;-0.103409;-0.359787;-0.943527
455;-0.117233;-0.367813;-0.938156
456;-0.120163;-0.364441;-0.938110
457;-0.093750;-0.355438;-0.922546
458;-0.065460;-0.343552;-0.919037
459;-0.055847;-0.344040;-0.924500
460;-0.051773;-0.345352;-0.922821
461;-0.054123;-0.343674;-0.935623
462;-0.048004;-0.348740;-0.928421
463;-0.050537;-0.361130;-0.926392
464;-0.059174;-0.357910;-0.934250
465;-0.071533;-0.365158;-0.920212
466;-0.082855;-0.358597;-0.935257
467;-0.065506;-0.361359;-0.921249
468;-0.067032;-0.370361;-0.929398
469;-0.059982;-0.371017;-0.931244
470;-0.066589;-0.371902;-0.932373
471;-0.060669;-0.353394;-0.949890
472;-0.057251;-0.356430;-0.932495
473;-0.069901;-0.352310;-0.933014
474;-0.068726;-0.361481;-0.909073
475;-0.061844;-0.363510;-0.909760
476;-0.057892;-0.358170;-0.926651
477;-0.061050;-0.360275;-0.937256
478;-0.063400;-0.356674;-0.947479
479;-0.068619;-0.363663;-0.926712
480;-0.068542;-0.358093;-0.923279
481;-0.070007;-0.355087;-0.928986
482;-0.075729;-0.363541;-0.923935
483;-0.074875;-0.357208;-0.933136
484;-0.074387;-0.359940;-0.933334
485;-0.079224;-0.359558;-0.923416
486;-0.061142;-0.360809;-0.914642
487;-0.075272;-0.359985;-0.937576
488;-0.070938;-0.357315;-0.923859
489;-0.079834;-0.360809;-0.931854
490;-0.077255;-0.365387;-0.914337
491;-0.062958;-0.363205;-0.907730
492;-0.063950;-0.357849;-0.932327
493;-0.068481;-0.366104;-0.927826
494;-0.077637;-0.371292;-0.934174
495;-0.081772;-0.372070;-0.940628
496;-0.088867;-0.374252;-0.926224
497;-0.073334;-0.384491;-0.898880
498;-0.082001;-0.377060;-0.911270
499;-0.068985;-0.377228;-0.916458
500;-0.057312;-0.367905;-0.921219
501;-0.052673;-0.358170;-0.924362
502;-0.060883;-0.359528;-0.924484
503;-0.071259;-0.363602;-0.933289
504;-0.083939;-0.374146;-0.912186
505;-0.090729;-0.375412;-0.916534
506;-0.091629;-0.366257;-0.933426
507;-0.082672;-0.364487;-0.937851
508;-0.077728;-0.365921;-0.933929
509;-0.069611;-0.355896;-0.919250
510;-0.071411;-0.364532;-0.921417
511;-0.069321;-0.357132;-0.933701
512;-0.068924;-0.364563;-0.931534
513;-0.072601;-0.362488;-0.930878
514;-0.068924;-0.358521;-0.931717
515;-0.047714;-0.342590;-0.894394
516;-0.041519;-0.324890;-0.925171
517;-0.067871;-0.348007;-0.931580
518;-0.108673;-0.372559;-0.960739
519;-0.105316;-0.367523;-0.936218
520;-0.097015;-0.375397;-0.932205
521;-0.067871;-0.362701;-0.918594
522;-0.071548;-0.357208;-0.921127
523;-0.067459;-0.352676;-0.919312
524;-0.055588;-0.357162;-0.906998
525;-0.060806;-0.356827;-0.930847
526;-0.061523;-0.366211;-0.929474
527;-0.082489;-0.369263;-0.944260
528;-0.078522;-0.367416;-0.922333
529;-0.068970;-0.366348;-0.898758
530;-0.060547;-0.350204;-0.917328
531;-0.077942;-0.354980;-0.932846
532;-0.080994;-0.355865;-0.950027
533;-0.080078;-0.359879;-0.939362
534;-0.078278;-0.362350;-0.935089
535;-0.073349;-0.361542;-0.925568
536;-0.072327;-0.359802;-0.923553
537;-0.074387;-0.353210;-0.920425
538;-0.075485;-0.347702;-0.932999
539;-0.076279;-0.337173;-0.939377
540;-0.072311;-0.339905;-0.922714
541;-0.082260;-0.340393;-0.921890
542;-0.087341;-0.348633;-0.934982
543;-0.081390;-0.346924;-0.932632
544;-0.079803;-0.359192;-0.928482
545;-0.087692;-0.348373;-0.951553
546;-0.087006;-0.347870;-0.933151
547;-0.096268;-0.343842;-0.938995
548;-0.085709;-0.343567;-0.921432
549;-0.080627;-0.348770;-0.918045
550;-0.085831;-0.345276;-0.919540
551;-0.077652;-0.334824;-0.924500
552;-0.083694;-0.344345;-0.928452
553;-0.093643;-0.351181;-0.931824
554;-0.090378;-0.352875;-0.936295
555;-0.082703;-0.349411;-0.939301
556;-0.092560;-0.351715;-0.928864
557;-0.097382;-0.351440;-0.925720
558;-0.091629;-0.345444;-0.928375
559;-0.088791;-0.344406;-0.927322
560;-0.082916;-0.352905;-0.920395
561;-0.087646;-0.355057;-0.937515
562;-0.089050;-0.357483;-0.943436
563;-0.101349;-0.361420;-0.940613
564;-0.095871;-0.348846;-0.932526
565;-0.101593;-0.357407;-0.922974
566;-0.093109;-0.346390;-0.924149
567;-0.077515;-0.346054;-0.914276
568;-0.076752;-0.350281;-0.919708
569;-0.077850;-0.350342;-0.928787
570;-0.074631;-0.354767;-0.939484
571;-0.078201;-0.348022;-0.938492
572;-0.099594;-0.354309;-0.933975
573;-0.102127;-0.352768;-0.932846
574;-0.102798;-0.353256;-0.930359
575;-0.094254;-0.350983;-0.923141
576;-0.087036;-0.347992;-0.933868
577;-0.084000;-0.347046;-0.929169
578;-0.080826;-0.347000;-0.933243
579;-0.080475;-0.342621;-0.932785
580;-0.084747;-0.347641;-0.934387
581;-0.092834;-0.346970;-0.926941
582;-0.084412;-0.356537;-0.922729
583;-0.081161;-0.344666;-0.932068
584;-0.090240;-0.357925;-0.944214
585;-0.094376;-0.345383;-0.948807
586;-0.083115;-0.349045;-0.921982
587;-0.079544;-0.352203;-0.917145
588;-0.076721;-0.345474;-0.904968
589;-0.089600;-0.344604;-0.935318
590;-0.097351;-0.352295;-0.940628
591;-0.092773;-0.352295;-0.937103
592;-0.091354;-0.350037;-0.943665
593;-0.091217;-0.358337;-0.923859
594;-0.081070;-0.346985;-0.929993
595;-0.083878;-0.346939;-0.926239
596;-0.082016;-0.348038;-0.905884
597;-0.082855;-0.344925;-0.929642
598;-0.092102;-0.345871;-0.944382
599;-0.088120;-0.353256;-0.951172
600;-0.090988;-0.356018;-0.931519
601;-0.090607;-0.357193;-0.916458
602;-0.090942;-0.358475;-0.921112
603;-0.089371;-0.340607;-0.925964
604;-0.100189;-0.347809;-0.929520
605;-0.103790;-0.339645;-0.937180
606;-0.092728;-0.348282;-0.918060
607;-0.094879;-0.347153;-0.921722
608;-0.099091;-0.351883;-0.930496
609;-0.103760;-0.351639;-0.942337
610;-0.099884;-0.349335;-0.939651
611;-0.094543;-0.347198;-0.928360
612;-0.102417;-0.349960;-0.933807
613;-0.104111;-0.345505;-0.930069
614;-0.095810;-0.346268;-0.926468
615;-0.091187;-0.344955;-0.922714
616;-0.089600;-0.345657;-0.927917
617;-0.092010;-0.348648;-0.903107
618;-0.085953;-0.342224;-0.934998
619;-0.094086;-0.329544;-0.847382
620;-0.080826;-0.342438;-0.670486
621;-0.023239;-0.284470;-0.790085
622;0.120026;-0.217163;-0.776764
623;0.307220;-0.290421;-0.926331
624;0.337219;-0.158279;-0.772430
625;0.431137;-0.316254;-0.636414
626;0.570770;-0.498596;-0.802536
627;0.204071;-0.191132;-0.859406
628;0.303268;-0.274384;-0.817245
629;0.000778;-0.240250;-0.878571
630;-0.040909;-0.222549;-0.955536
631;-0.235001;-0.297531;-0.908371
632;-0.345032;-0.333710;-0.975967
633;-0.389374;-0.284912;-0.957947
634;-0.473007;-0.291489;-0.916840
635;-0.547394;-0.210510;-0.874237
636;-0.665009;-0.213547;-0.634888
637;-0.746445;-0.217590;-0.630951
638;-0.813446;-0.141174;-0.549408
639;-0.940796;-0.075546;-0.504913
640;-1.081055;-0.098999;-0.524292
641;-1.039795;-0.006271;-0.758270
642;-0.893402;0.057861;-0.823807
643;-0.899979;-0.002914;-0.798691
644;-0.835083;0.041733;-0.697891
645;-0.778809;0.052185;-0.603455
646;-0.786880;0.069046;-0.573563
647;-0.818710;0.052689;-0.529907
648;-0.854279;-0.009918;-0.512939
649;-0.855286;-0.004395;-0.480789
650;-0.860458;0.017639;-0.526306
651;-0.882095;0.030441;-0.494217
652;-0.845322;0.002472;-0.485001
653;-0.902786;-0.006058;-0.454224
654;-0.868546;-0.029709;-0.440277
655;-0.909256;-0.014420;-0.456451
656;-0.905228;-0.022766;-0.465195
657;-0.898788;-0.036774;-0.480209
658;-0.916931;-0.025986;-0.458740
659;-0.880936;-0.019775;-0.477661
660;-0.893768;-0.022873;-0.462830
661;-0.873093;-0.014984;-0.469803
662;-0.872421;-0.009613;-0.482391
663;-0.861084;-0.013977;-0.475861
664;-0.865448;-0.034668;-0.485306
665;-0.864365;-0.025787;-0.502029
666;-0.851517;-0.013336;-0.510971
667;-0.873627;-0.023773;-0.484283
668;-0.859589;-0.027542;-0.486618
669;-0.872238;-0.030350;-0.507935
670;-0.876862;-0.034546;-0.532516
671;-0.804321;0.027649;-0.594208
672;-0.769821;0.064316;-0.627625
673;-0.787155;0.170929;-0.589951
674;-0.751297;0.033142;-0.587723
675;-0.728912;0.093140;-0.621246
676;-0.758926;0.094467;-0.643112
677;-0.764313;0.110733;-0.673111
678;-0.760452;0.108963;-0.668015
679;-0.755630;0.079178;-0.622284
680;-0.772095;0.102463;-0.627075
681;-0.744781;0.094681;-0.651642
682;-0.762360;0.084198;-0.648590
683;-0.772278;0.098434;-0.615540
684;-0.766891;0.108902;-0.633621
685;-0.778992;0.096558;-0.637421
686;-0.750687;0.087051;-0.626526
687;-0.785324;0.096909;-0.635727
688;-0.762772;0.085800;-0.622742
689;-0.790100;0.089920;-0.626083
690;-0.768585;0.078293;-0.594894
691;-0.772903;0.106750;-0.644775
692;-0.772217;0.085770;-0.641800
693;-0.772522;0.110184;-0.634216
694;-0.727905;0.103317;-0.640915
695;-0.767532;0.099350;-0.642502
696;-0.764908;0.084030;-0.647049
697;-0.763931;0.099106;-0.633698
698;-0.765900;0.089645;-0.628540
699;-0.777145;0.092377;-0.636414
700;-0.768143;0.096725;-0.622879
701;-0.768890;0.092712;-0.634933
702;-0.754990;0.092484;-0.653107
703;-0.747559;0.078384;-0.644714
704;-0.747299;0.098801;-0.636322
705;-0.765167;0.087524;-0.650864
706;-0.778198;0.098679;-0.634399
707;-0.780060;0.105652;-0.590088
708;-0.772217;0.082657;-0.625854
709;-0.775681;0.087311;-0.628677
710;-0.786636;0.094406;-0.639801
711;-0.759018;0.093735;-0.630356
712;-0.778122;0.092026;-0.633072
713;-0.758453;0.096680;-0.634460
714;-0.771698;0.089523;-0.625824
715;-0.773087;0.085297;-0.629150
716;-0.771103;0.087418;-0.633270
717;-0.769714;0.089386;-0.629303
718;-0.768692;0.082733;-0.628677
719;-0.776474;0.094162;-0.629761
720;-0.761948;0.075287;-0.640747
721;-0.775528;0.078369;-0.626617
722;-0.779694;0.080856;-0.630600
723;-0.768250;0.078445;-0.618668
724;-0.771484;0.080154;-0.632339
725;-0.771149;0.074127;-0.630890
726;-0.766434;0.079437;-0.629929
727;-0.781067;0.076431;-0.638016
728;-0.770615;0.072189;-0.629761
729;-0.770004;0.077225;-0.622208
730;-0.772659;0.079712;-0.628815
731;-0.768448;0.080551;-0.632019
732;-0.769302;0.075684;-0.635391
733;-0.770370;0.074478;-0.630539
734;-0.772018;0.075668;-0.644745
735;-0.767792;0.079758;-0.626297
736;-0.770859;0.072433;-0.621216
737;-0.772247;0.084549;-0.625565
738;-0.783691;0.077332;-0.631607
739;-0.772690;0.069412;-0.628647
740;-0.773422;0.068054;-0.626190
741;-0.775803;0.072952;-0.634918
742;-0.762848;0.078644;-0.627106
743;-0.776871;0.071701;-0.626816
744;-0.761520;0.076599;-0.640488
745;-0.779373;0.069962;-0.629150
746;-0.772583;0.080322;-0.625153
747;-0.770020;0.082047;-0.629684
748;-0.770111;0.070831;-0.628418
749;-0.771698;0.078552;-0.631912
750;-0.765320;0.076874;-0.629089
751;-0.775909;0.074081;-0.637314
752;-0.771393;0.075745;-0.634872
753;-0.762436;0.071365;-0.629654
754;-0.776382;0.073181;-0.644257
755;-0.775223;0.079529;-0.623795
756;-0.775986;0.076660;-0.620483
757;-0.777557;0.075760;-0.628311
758;-0.774582;0.071564;-0.619598
759;-0.769623;0.088730;-0.628738
760;-0.774155;0.070358;-0.629318
761;-0.790878;0.071945;-0.624313
762;-0.779022;0.075836;-0.630768
763;-0.772873;0.071487;-0.618134
764;-0.778900;0.083603;-0.628571
765;-0.772232;0.073776;-0.621521
766;-0.782501;0.079559;-0.619843
767;-0.780624;0.079681;-0.627670
768;-0.778275;0.070969;-0.623840
769;-0.778748;0.076157;-0.633087
770;-0.776596;0.078522;-0.627762
771;-0.777405;0.075562;-0.616943
772;-0.773926;0.077194;-0.623520
773;-0.779175;0.077454;-0.631683
774;-0.779205;0.080338;-0.629684
775;-0.779770;0.073975;-0.619614
776;-0.781509;0.073425;-0.611374
777;-0.778824;0.080109;-0.620529
778;-0.774979;0.074997;-0.621017
779;-0.788925;0.091110;-0.636078
780;-0.782623;0.069977;-0.622986
781;-0.768997;0.069580;-0.590958
782;-0.778732;0.084625;-0.595856
783;-0.772507;0.054398;-0.606613
784;-0.783234;0.050797;-0.640549
785;-0.773407;0.059937;-0.655075
786;-0.775543;0.068512;-0.627304
787;-0.776169;0.087433;-0.607788
788;-0.780380;0.082703;-0.632797
789;-0.788940;0.069138;-0.631317
790;-0.780212;0.072388;-0.616119
791;-0.779846;0.072266;-0.619202
792;-0.783005;0.070648;-0.617020
793;-0.774597;0.077515;-0.618225
794;-0.784393;0.070129;-0.625366
795;-0.782471;0.066071;-0.614182
796;-0.786316;0.065216;-0.625931
797;-0.768707;0.059799;-0.621902
798;-0.775345;0.067276;-0.632416
799;-0.773697;0.069397;-0.624542
800;-0.775650;0.057236;-0.620514
801;-0.778961;0.066788;-0.631439
802;-0.781982;0.075272;-0.617722
803;-0.784439;0.076111;-0.602325
804;-0.779694;0.074112;-0.619171
805;-0.775574;0.062973;-0.633133
806;-0.777359;0.071045;-0.625061
807;-0.785217;0.084457;-0.633865
808;-0.788239;0.076324;-0.606354
809;-0.789764;0.080826;-0.601334
810;-0.784393;0.065475;-0.608154
811;-0.764847;0.082764;-0.638046
812;-0.800232;0.063446;-0.577087
813;-0.804581;0.047226;-0.593338
814;-0.822189;0.032425;-0.541824
815;-0.868210;0.002838;-0.541122
816;-0.826843;-0.008820;-0.561203
817;-0.847076;0.001221;-0.521378
818;-0.838867;0.009964;-0.533966
819;-0.854843;-0.002457;-0.541779
820;-0.833603;0.000671;-0.535675
821;-0.849823;0.005829;-0.527390
822;-0.865311;-0.023956;-0.514984
823;-0.882019;-0.029434;-0.493698
824;-0.885117;-0.035950;-0.468948
825;-0.865265;-0.028183;-0.490402
826;-0.877701;-0.022522;-0.479965
827;-0.868591;-0.022293;-0.487839
828;-0.876434;-0.031555;-0.473633
829;-0.874435;-0.042313;-0.482422
830;-0.869019;-0.038574;-0.499298
831;-0.869598;-0.035019;-0.489120
832;-0.865021;-0.024277;-0.516388
833;-0.907181;-0.051575;-0.519516
834;-0.780060;-0.042831;-0.564438
835;-0.768600;-0.035553;-0.626663
836;-0.749191;-0.072296;-0.738724
837;-0.608414;-0.048462;-0.764038
838;-0.553787;-0.020309;-0.741440
839;-0.412903;-0.014023;-0.733826
840;-0.492004;-0.152863;-1.081879
841;-0.325455;0.025406;-0.940140
842;-0.146408;-0.055130;-1.131683
843;-0.157104;0.018158;-0.930496
844;-0.095764;0.048813;-0.940536
845;-0.309891;-0.021973;-0.786469
846;-0.022385;0.006653;-1.038284
847;-0.022568;0.084824;-1.001587
848;0.146606;0.052246;-0.859116
849;0.265472;0.005844;-0.979813
850;0.216583;0.113541;-0.901581
851;0.238663;0.050720;-0.968994
852;0.460999;0.005600;-0.983246
853;0.167572;-0.012604;-0.832397
854;0.142899;0.138306;-1.061615
855;0.254532;0.168793;-1.003738
856;0.227219;0.182938;-0.966476
857;0.189026;0.180939;-0.889313
858;0.044876;0.221771;-0.965088
859;0.178513;0.169174;-1.021774
860;0.148819;0.225861;-0.835007
861;-0.063950;0.318253;-1.008316
862;0.311295;0.382690;-0.949081
863;0.267365;0.198715;-0.887344
864;0.274643;0.427094;-0.907166
865;0.466827;0.368332;-0.926086
866;0.465744;0.317657;-0.666672
867;0.606110;0.371262;-0.734970
868;0.462433;0.385925;-0.744751
869;0.545822;0.407410;-0.744202
870;0.431976;0.367310;-0.785126
871;0.445465;0.187073;-0.716461
872;0.429871;0.205017;-0.739014
873;0.626663;0.256485;-0.755142
874;0.611679;0.123550;-0.640549
875;0.617432;0.268341;-0.726852
876;0.669815;0.073029;-0.593445
877;0.907104;0.070770;-0.808228
878;0.705231;0.046097;-0.384033
879;0.997574;0.164001;-0.598618
880;0.882111;0.068268;-0.430771
881;0.872131;0.191971;-0.500900
882;0.925827;0.219925;-0.352020
883;0.850021;0.165771;-0.444290
884;0.885803;0.138062;-0.416367
885;0.934769;0.247528;-0.247650
886;0.973175;0.244553;-0.199417
887;0.985657;0.195496;-0.127014
888;0.850967;0.234863;-0.240204
889;0.975769;0.229202;-0.331696
890;0.978943;0.274307;-0.236588
891;0.981598;0.265396;-0.239197
892;0.942276;0.227798;-0.209610
893;0.924271;0.246613;-0.204391
894;0.938522;0.268372;-0.211945
895;0.939865;0.238525;-0.238556
896;0.931946;0.292023;-0.234772
897;0.935730;0.271484;-0.245346
898;0.935852;0.265579;-0.235748
899;0.936081;0.263733;-0.224472
900;0.943985;0.252304;-0.231628
901;0.940643;0.243668;-0.244934
902;0.945419;0.250031;-0.237396
903;0.937683;0.242966;-0.237030
904;0.936447;0.240936;-0.237000
905;0.940262;0.223114;-0.246201
906;0.943298;0.237122;-0.234665
907;0.948639;0.245758;-0.240311
908;0.942673;0.230774;-0.239609
909;0.938141;0.233658;-0.232590
910;0.932037;0.241013;-0.240570
911;0.943314;0.235077;-0.241852
912;0.945145;0.232086;-0.248795
913;0.939407;0.250015;-0.246231
914;0.933762;0.264252;-0.237534
915;0.939911;0.244080;-0.253494
916;0.943924;0.241898;-0.246765
917;0.937561;0.248474;-0.240005
918;0.933594;0.248947;-0.249603
919;0.946533;0.239212;-0.245819
920;0.940125;0.247086;-0.241852
921;0.943146;0.234711;-0.250931
922;0.944016;0.238831;-0.246674
923;0.937988;0.242752;-0.249329
924;0.943466;0.238205;-0.247421
925;0.942322;0.238495;-0.253510
926;0.941956;0.241348;-0.242722
927;0.938324;0.244553;-0.248795
928;0.939468;0.242462;-0.250900
929;0.934250;0.246033;-0.242432
930;0.940933;0.237106;-0.253860
931;0.940704;0.242493;-0.249252
932;0.935501;0.242523;-0.246613
933;0.937607;0.240891;-0.246933
934;0.945374;0.242004;-0.251358
935;0.933273;0.243759;-0.248688
936;0.946472;0.241241;-0.248596
937;0.936981;0.234634;-0.250397
938;0.943436;0.231461;-0.256500
939;0.945984;0.225143;-0.242538
940;0.936707;0.235916;-0.251541
941;0.942978;0.233704;-0.245590
942;0.933792;0.234818;-0.256546
943;0.940506;0.233368;-0.250397
944;0.942261;0.228729;-0.248047
945;0.940598;0.226639;-0.263794
946;0.934753;0.232101;-0.254898
947;0.942322;0.233963;-0.255112
948;0.938293;0.226364;-0.262436
949;0.937805;0.238022;-0.258255
950;0.936050;0.234192;-0.257645
951;0.937744;0.229340;-0.268829
952;0.939545;0.225433;-0.258514
953;0.932297;0.235947;-0.269379
954;0.942795;0.223801;-0.259048
955;0.938217;0.233337;-0.262787
956;0.929626;0.234314;-0.264923
957;0.940781;0.220566;-0.268433
958;0.944534;0.224487;-0.262161
959;0.940750;0.224182;-0.266205
960;0.918457;0.252975;-0.271683
961;0.948334;0.217743;-0.253616
962;0.928925;0.242966;-0.269989
963;0.939697;0.222794;-0.275757
964;0.935745;0.240860;-0.264877
965;0.929962;0.241333;-0.268250
966;0.933350;0.236404;-0.263962
967;0.933762;0.233841;-0.268661
968;0.939041;0.223984;-0.268829
969;0.937134;0.226013;-0.271133
970;0.934784;0.232315;-0.271194
971;0.937180;0.229996;-0.266556
972;0.937958;0.228607;-0.264496
973;0.935944;0.224213;-0.273132
974;0.938431;0.238525;-0.264114
975;0.933762;0.226776;-0.267563
976;0.943817;0.221420;-0.267456
977;0.935257;0.229813;-0.265350
978;0.928070;0.222397;-0.272018
979;0.946121;0.239548;-0.259018
980;0.938141;0.229996;-0.270294
981;0.937897;0.235840;-0.263016
982;0.928391;0.234344;-0.258011
983;0.938675;0.237366;-0.267166
984;0.931778;0.231018;-0.272415
985;0.935562;0.233459;-0.263809
986;0.933090;0.240295;-0.266083
987;0.935242;0.240463;-0.266418
988;0.939713;0.233994;-0.270065
989;0.935532;0.243088;-0.266922
990;0.934158;0.238129;-0.275864
991;0.937225;0.235580;-0.276093
992;0.932663;0.237076;-0.263382
993;0.936035;0.242157;-0.275070
994;0.931107;0.245209;-0.270355
995;0.927383;0.243362;-0.282211
996;0.932892;0.238403;-0.271698
997;0.931686;0.244003;-0.268265
998;0.925995;0.247406;-0.274139
999;0.930771;0.241013;-0.268005
1000;0.929245;0.241806;-0.269302
1001;0.923798;0.247314;-0.281998
1002;0.937454;0.252106;-0.264740
1003;0.926590;0.249130;-0.277573
1004;0.936829;0.249786;-0.269287
1005;0.928772;0.253159;-0.276917
1006;0.925583;0.257965;-0.272934
1007;0.922943;0.251511;-0.278564
1008;0.927216;0.249069;-0.279709
1009;0.924332;0.247360;-0.291840
1010;0.933609;0.247864;-0.288757
1011;0.926407;0.243439;-0.288681
1012;0.918839;0.244186;-0.281799
1013;0.915482;0.252213;-0.320877
1014;0.909424;0.232941;-0.331955
1015;0.935043;0.230850;-0.327179
1016;0.926086;0.236115;-0.319016
1017;0.911819;0.207352;-0.343964
1018;0.897186;0.222748;-0.369904
1019;0.926193;0.225311;-0.351593
1020;0.904968;0.223267;-0.362686
1021;0.918716;0.224899;-0.383087
1022;0.891022;0.208557;-0.368820
1023;0.908203;0.221390;-0.386093
1024;0.894089;0.216461;-0.369843
1025;0.888412;0.212601;-0.393127
1026;0.895111;0.216644;-0.485519
1027;0.935852;0.226425;-0.445419
1028;0.866501;0.225876;-0.445572
1029;0.968887;0.337997;-0.714020
1030;0.706909;0.086578;0.175705
1031;0.755051;0.270248;-0.530136
1032;0.728806;0.282913;-0.633698
1033;0.691940;0.252625;-0.690170
1034;0.660034;0.194962;-0.662811
1035;0.703766;0.207458;-0.699203
1036;0.716354;0.264160;-0.693909
1037;0.668381;0.180252;-0.829865
1038;0.798645;0.155289;-0.897736
1039;0.664093;0.186142;-0.742493
1040;0.759933;0.235413;-0.826279
1041;0.618668;0.250412;-0.915588
1042;0.722122;0.216339;-0.876297
1043;0.734985;0.133896;-0.683304
1044;0.766556;0.176971;-0.752838
1045;0.817810;0.196045;-0.722748
1046;0.688736;0.156204;-0.592896
1047;0.700958;0.168289;-0.664017
1048;0.515015;0.134064;-0.518799
1049;0.567200;0.074860;-0.757187
1050;0.493195;0.037170;-0.730621
1051;0.540207;0.063034;-0.870499
1052;0.242935;0.032455;-0.922089
1053;0.241074;-0.084869;-0.943924
1054;0.219498;-0.015533;-0.979385
1055;0.301285;-0.192154;-0.968018
1056;0.224304;-0.208069;-1.101456
1057;0.138626;-0.229721;-0.962463
1058;0.034653;-0.153290;-1.099487
1059;0.051834;-0.022415;-0.896942
1060;0.081451;-0.118027;-1.024063
1061;0.028458;-0.113663;-0.891449
1062;0.164200;-0.324844;-0.943481
1063;0.078552;-0.225647;-0.891937
1064;0.080292;-0.236038;-0.928909
1065;0.043152;-0.324234;-0.885208
1066;0.007141;-0.348633;-0.934799
1067;-0.045166;-0.382034;-0.922241
1068;-0.044952;-0.389587;-0.877808
1069;-0.079041;-0.416840;-0.866364
1070;-0.094727;-0.432510;-0.832535
1071;-0.140594;-0.454208;-0.830841
1072;-0.131195;-0.441910;-0.807999
1073;-0.135574;-0.444778;-0.825104
1074;-0.135193;-0.445084;-0.833069
1075;-0.125809;-0.451935;-0.881592
1076;-0.144791;-0.435013;-0.917343
1077;-0.123428;-0.459869;-0.882523
1078;-0.114853;-0.446686;-0.897461
1079;-0.134109;-0.447189;-0.905396
1080;-0.120865;-0.445099;-0.877838
1081;-0.118591;-0.442825;-0.878571
1082;-0.124496;-0.434570;-0.883148
1083;-0.117661;-0.434464;-0.869247
1084;-0.117691;-0.415863;-0.885483
1085;-0.107422;-0.418015;-0.903107
1086;-0.102722;-0.420410;-0.919601
1087;-0.096664;-0.403488;-0.910583
1088;-0.090759;-0.400452;-0.906982
1089;-0.098251;-0.398148;-0.893250
1090;-0.095200;-0.400528;-0.906693
1091;-0.109756;-0.397400;-0.914856
1092;-0.107910;-0.400223;-0.910019
1093;-0.105560;-0.403656;-0.912842
1094;-0.108154;-0.411804;-0.906158
1095;-0.106552;-0.415817;-0.911285
1096;-0.110413;-0.414139;-0.914413
1097;-0.104462;-0.421509;-0.908661
1098;-0.101501;-0.405472;-0.908676
1099;-0.098099;-0.405899;-0.883713
1100;-0.094894;-0.400085;-0.888611
1101;-0.092987;-0.396729;-0.906616
1102;-0.093445;-0.394180;-0.895218
1103;-0.088516;-0.414307;-0.891510
1104;-0.094696;-0.409622;-0.920792
1105;-0.098694;-0.422043;-0.916260
1106;-0.106979;-0.419815;-0.921326
1107;-0.109741;-0.390228;-0.918564
1108;-0.098114;-0.381958;-0.896332
1109;-0.092834;-0.386139;-0.897507
1110;-0.100342;-0.375412;-0.896439
1111;-0.108459;-0.391815;-0.897522
1112;-0.121399;-0.391983;-0.909210
1113;-0.118317;-0.400528;-0.908798
1114;-0.117416;-0.395767;-0.918228
1115;-0.112701;-0.392136;-0.924393
1116;-0.102646;-0.387299;-0.942520
1117;-0.096756;-0.385269;-0.919815
1118;-0.098511;-0.382904;-0.922882
1119;-0.088364;-0.382202;-0.917099
1120;-0.088196;-0.391159;-0.915649
1121;-0.087524;-0.385834;-0.903549
1122;-0.084564;-0.386963;-0.904190
1123;-0.082962;-0.397507;-0.916306
1124;-0.081955;-0.392929;-0.907455
1125;-0.083710;-0.396347;-0.912704
1126;-0.080490;-0.388443;-0.911270
1127;-0.085449;-0.398880;-0.908585
1128;-0.094604;-0.389175;-0.907913
1129;-0.088623;-0.398834;-0.917725
1130;-0.097687;-0.391754;-0.935013
1131;-0.042313;-0.312881;-0.824844
1132;-0.041641;-0.342667;-0.955063
