index;x;y;z
0;-0.132431;-0.143768;-0.544907
1;-0.215851;-0.075943;-0.387070
2;-0.225357;-0.147156;-0.498352
3;0.242615;-0.280975;-0.269989
4;-0.111710;-0.615112;-0.558212
5;-0.368027;-0.493835;-1.189590
6;-0.340683;-0.691833;-1.355316
7;-0.329590;-0.736496;-1.242035
8;-0.457642;-0.476532;-1.027115
9;-0.547928;-0.404999;-0.881744
10;-0.774597;-0.365845;-0.641510
11;-0.663376;-0.330414;-0.366898
12;-0.653046;-0.242432;-0.207672
13;-0.617661;-0.199600;-0.112976
14;-0.906982;-0.094284;-0.230057
15;-0.885681;0.013214;-0.233582
16;-1.259567;0.305023;-0.281113
17;-1.363525;0.353348;-0.417053
18;-1.483459;0.414810;-0.263565
19;-1.221771;0.281540;-0.319763
20;-1.421310;0.395508;-0.200546
21;-1.081833;0.236816;-0.223572
22;-0.797485;0.115524;-0.129623
23;-0.808273;0.067581;-0.047516
24;-0.835693;0.032913;-0.119263
25;-1.055206;0.038193;-0.143280
26;-1.303467;0.067444;-0.241455
27;-1.600861;0.083252;-0.274246
28;-1.670731;0.160675;-0.344299
29;-1.507385;0.137634;-0.371384
30;-1.389725;0.283417;-0.299805
31;-1.443848;0.409378;-0.234909
32;-1.310410;0.400726;-0.192413
33;-1.093216;0.327377;-0.212769
34;-0.985016;0.358398;-0.171173
35;-0.953659;0.422424;-0.150543
36;-0.907486;0.472931;-0.101471
37;-0.835938;0.489075;-0.103210
38;-0.759308;0.468292;-0.107040
39;-0.874298;0.564270;-0.044815
40;-0.923752;0.441696;-0.128220
41;-1.167328;0.804092;0.059341
42;-1.357910;0.574020;-0.028488
43;-1.371429;0.404724;-0.066116
44;-1.251663;0.237137;-0.115875
45;-1.413681;0.205811;-0.004303
46;-1.247223;0.146698;-0.123260
47;-1.426819;0.132294;-0.099762
48;-1.524734;0.048080;-0.174454
49;-1.618240;-0.037811;-0.274155
50;-1.481781;-0.121201;-0.351044
51;-1.549683;0.101730;-0.251343
52;-1.534653;0.311920;-0.189301
53;-1.565094;0.492554;-0.173889
54;-1.194763;0.508469;-0.177689
55;-1.002670;0.449417;-0.160675
56;-1.064621;0.488983;-0.110611
57;-1.018158;0.514740;-0.052063
58;-1.028244;0.480438;-0.099442
59;-1.000870;0.517517;-0.105347
60;-1.014481;0.600204;-0.129807
61;-0.706436;0.537415;-0.166382
62;-0.926056;0.589203;-0.135864
63;-1.233322;0.521713;0.081665
64;-1.155746;0.388565;0.094910
65;-1.090744;0.321854;0.008072
66;-1.118668;0.183426;-0.104263
67;-1.130692;0.280441;-0.293976
68;-1.304703;0.273392;-0.229752
69;-1.566757;0.296722;-0.216263
70;-1.612717;0.037216;-0.313828
71;-1.535904;-0.043930;-0.355652
72;-1.319000;-0.105194;-0.327759
73;-1.300766;0.206192;-0.244186
74;-1.278336;0.293365;-0.256729
75;-1.104172;0.297104;-0.244781
76;-1.033279;0.339020;-0.237289
77;-1.052536;0.390900;-0.219696
78;-1.112183;0.469635;-0.151581
79;-1.082825;0.519196;-0.140289
80;-1.091415;0.608124;-0.054230
81;-0.955765;0.760117;-0.059769
82;-0.829208;0.848877;0.037979
83;-0.850677;0.629288;-0.030853
84;-1.241562;0.840164;0.139297
85;-1.078659;0.495224;0.042450
86;-0.967804;0.350006;-0.029160
87;-1.057755;0.315964;-0.008011
88;-1.177841;0.286774;-0.058502
89;-1.335815;0.190491;-0.071228
90;-1.467682;0.122498;-0.095566
91;-1.646164;0.056183;-0.111694
92;-1.666458;0.083969;-0.183090
93;-1.363419;-0.108307;-0.206650
94;-1.393219;0.149933;-0.140091
95;-1.456604;0.371841;-0.156387
96;-1.386383;0.434845;-0.162491
97;-1.242691;0.448502;-0.206467
98;-1.137344;0.464111;-0.187576
99;-1.122070;0.523972;-0.159424
100;-1.081589;0.596420;-0.100098
101;-0.986481;0.608185;-0.094116
102;-0.841888;0.574982;-0.074020
103;-0.947815;0.649979;0.005280
104;-0.706711;0.435623;0.038300
105;-0.977081;0.520081;-0.020370
106;-1.125671;0.528442;-0.035309
107;-0.950439;0.341202;-0.038193
108;-0.901733;0.299805;-0.060776
109;-1.081726;0.382812;-0.093857
110;-1.269730;0.427017;-0.174728
111;-1.517227;0.365097;-0.138382
112;-1.817169;0.268860;-0.135666
113;-1.689713;-0.002563;-0.289307
114;-1.517654;-0.028473;-0.241943
115;-1.278625;-0.056503;-0.185089
116;-1.329239;0.208313;-0.125946
117;-1.275803;0.285812;-0.197937
118;-1.093231;0.312698;-0.234589
119;-1.052536;0.404297;-0.199600
120;-1.092667;0.468048;-0.141296
121;-1.157349;0.503616;-0.068481
122;-1.136520;0.584351;-0.007492
123;-1.129517;0.746872;0.030685
124;-0.918274;0.866592;0.054611
125;-1.027542;0.794357;-0.042633
126;-1.023102;0.712616;-0.102646
127;-0.980896;0.693192;-0.054855
128;-0.759308;0.396317;-0.013260
129;-0.714661;0.292206;0.000656
130;-0.901077;0.307465;0.069794
131;-1.075134;0.318161;0.043564
132;-1.406128;0.306015;0.028229
133;-1.586182;0.231308;-0.013321
134;-1.709793;0.112091;-0.056763
135;-1.651672;0.219986;-0.089401
136;-1.270218;-0.019623;-0.186356
137;-1.368668;0.214752;-0.095856
138;-1.284851;0.293457;-0.150772
139;-1.135437;0.328400;-0.160446
140;-1.032425;0.358856;-0.131607
141;-0.969849;0.399384;-0.106018
142;-1.026459;0.485672;-0.080109
143;-1.062607;0.549316;-0.021179
144;-1.020691;0.514679;-0.044281
145;-1.060242;0.587708;-0.059952
146;-0.863297;0.667480;0.018265
147;-0.812408;0.448441;-0.115051
148;-1.181778;0.628754;0.027588
149;-1.054031;0.348862;0.032562
150;-0.777756;0.245926;0.179977
151;-0.701447;0.215485;0.057388
152;-0.864700;0.324753;-0.006287
153;-1.110184;0.421249;-0.072052
154;-1.429138;0.431168;-0.062958
155;-1.671722;0.272858;-0.138596
156;-1.915741;0.128372;-0.205856
157;-1.385925;-0.108704;-0.287369
158;-1.489334;0.259567;-0.133377
159;-1.325363;0.321060;-0.186279
160;-1.155823;0.340454;-0.199783
161;-1.035172;0.333725;-0.187805
162;-1.041534;0.359726;-0.175644
163;-0.932495;0.422379;-0.190781
164;-1.054413;0.486069;-0.186691
165;-1.074097;0.545563;-0.145935
166;-0.976013;0.493347;-0.171036
167;-1.047195;0.577011;-0.154572
168;-0.836365;0.391830;-0.206085
169;-1.045090;0.530334;-0.132034
170;-1.075836;0.445740;-0.241806
171;-0.910538;0.294922;-0.263077
172;-0.782089;0.200409;-0.222382
173;-0.837692;0.231857;-0.169952
174;-1.150131;0.254715;-0.224792
175;-1.245071;0.153961;-0.291397
176;-1.597717;0.141418;-0.254410
177;-1.620300;-0.074387;-0.348846
178;-1.701126;-0.049927;-0.316238
179;-1.319687;-0.195908;-0.316162
180;-1.359802;0.019531;-0.232529
181;-1.354401;0.129807;-0.234344
182;-1.349182;0.221329;-0.218933
183;-1.188934;0.270798;-0.211777
184;-1.089905;0.344864;-0.236023
185;-1.169113;0.450760;-0.208313
186;-1.101273;0.533783;-0.263779
187;-1.087570;0.583328;-0.280838
188;-0.960754;0.647491;-0.101562
189;-0.823334;0.771332;-0.057281
190;-0.952164;0.648666;-0.039627
191;-1.028229;0.698639;0.027481
192;-1.244080;0.614136;-0.085083
193;-1.129822;0.442657;-0.160141
194;-1.138290;0.365829;-0.173492
195;-1.176651;0.291397;-0.193359
196;-1.366821;0.276031;-0.172089
197;-1.545639;0.179291;-0.116318
198;-1.726364;-0.021072;-0.198761
199;-1.565842;-0.235016;-0.320312
200;-1.419022;-0.163345;-0.326828
201;-1.365585;-0.094223;-0.258270
202;-1.548874;0.261429;-0.223480
203;-1.611191;0.438782;-0.234314
204;-1.416870;0.460068;-0.271301
205;-1.357529;0.518784;-0.222855
206;-1.253906;0.558624;-0.208603
207;-1.229111;0.598404;-0.183090
208;-1.148895;0.624268;-0.169159
209;-0.936890;0.661285;-0.096405
210;-0.863785;0.770844;-0.069000
211;-0.625107;0.686935;-0.084198
212;-0.975555;0.636017;-0.088974
213;-1.173172;0.593597;0.040543
214;-1.120270;0.462357;0.008850
215;-1.099808;0.381851;-0.011581
216;-1.243774;0.398575;-0.188766
217;-1.389847;0.335754;-0.409683
218;-1.535080;0.239502;-0.574127
219;-1.669434;0.106201;-0.515869
220;-1.732666;0.015747;-0.439697
221;-1.578598;-0.014679;-0.374130
222;-1.320435;-0.303452;-0.438675
223;-1.313492;0.016144;-0.349670
224;-1.400421;0.247528;-0.312561
225;-1.282196;0.338943;-0.304230
226;-1.220551;0.404648;-0.339859
227;-1.133698;0.448959;-0.264236
228;-1.210403;0.497864;-0.188477
229;-1.175446;0.530853;-0.179535
230;-1.177917;0.575607;-0.191223
231;-0.997818;0.694687;-0.156769
232;-0.875168;0.815613;-0.104431
233;-0.692886;0.558853;-0.110260
234;-1.139160;0.816956;0.061890
235;-1.207764;0.505737;0.101410
236;-0.999237;0.408447;0.131485
237;-1.075104;0.280975;0.138489
238;-1.118942;0.336700;-0.001221
239;-1.436646;0.381058;-0.111282
240;-1.569016;0.274826;-0.186356
241;-1.879547;0.044785;-0.252777
242;-1.586029;-0.162979;-0.316422
243;-1.488342;-0.184601;-0.290802
244;-1.348709;-0.070251;-0.293228
245;-1.439133;0.240128;-0.239670
246;-1.415268;0.370972;-0.206573
247;-1.341797;0.420212;-0.166580
248;-1.298294;0.490952;-0.121414
249;-1.283615;0.524170;-0.112961
250;-1.266602;0.585495;-0.110901
251;-1.149170;0.574402;-0.094650
252;-1.023361;0.784744;-0.005035
253;-0.644760;0.632599;-0.122238
254;-0.740204;0.665649;0.005081
255;-0.944397;0.576767;0.010056
256;-1.154938;0.644684;0.118515
257;-1.107025;0.411209;0.051392
258;-1.027893;0.320572;0.027237
259;-1.113876;0.347610;0.001404
260;-1.271667;0.364716;-0.062469
261;-1.457626;0.305817;-0.083618
262;-1.658203;0.186401;-0.139740
263;-1.732025;0.016891;-0.169464
264;-1.513733;0.100342;-0.164261
265;-1.242126;-0.122269;-0.202652
266;-1.350143;0.020981;-0.127289
267;-1.527206;0.170746;-0.113525
268;-1.481308;0.281387;-0.093735
269;-1.328461;0.374039;-0.115311
270;-1.246124;0.510635;-0.114487
271;-1.184616;0.580994;-0.139771
272;-1.212494;0.637177;-0.121628
273;-1.237335;0.699844;-0.077072
274;-1.008896;0.787125;-0.047348
275;-0.832962;0.916580;0.000961
276;-0.720688;0.697037;-0.093246
277;-0.979355;0.702332;-0.047668
278;-1.106018;0.551682;0.058029
279;-1.052826;0.411072;0.042542
280;-0.993103;0.312042;-0.040848
281;-1.058136;0.295700;-0.066513
282;-1.248123;0.300644;-0.076874
283;-1.512115;0.240036;-0.057816
284;-1.675522;0.140137;-0.126755
285;-1.585144;0.004105;-0.129486
286;-1.504913;0.056808;-0.134125
287;-1.321793;-0.079681;-0.092331
288;-1.455948;0.181580;-0.061569
289;-1.336166;0.272690;-0.108810
290;-1.188889;0.310364;-0.107361
291;-1.069977;0.377090;-0.110794
292;-1.023804;0.441437;-0.102829
293;-1.089722;0.543472;-0.093262
294;-1.114685;0.603851;-0.060318
295;-1.047989;0.586792;-0.082428
296;-1.212234;0.724625;-0.078323
297;-1.136154;0.628113;-0.047012
298;-0.895294;0.687088;0.001968
299;-0.992981;0.602493;0.082672
300;-0.907928;0.456192;0.082703
301;-0.838608;0.310730;-0.016708
302;-0.934845;0.275742;0.054031
303;-1.210144;0.327194;-0.058426
304;-1.426361;0.306015;-0.081161
305;-1.654175;0.306503;-0.115341
306;-1.765457;0.167419;-0.197906
307;-1.886627;-0.059021;-0.239883
308;-1.421280;-0.312668;-0.232468
309;-1.366348;-0.003174;-0.072571
310;-1.413437;0.240662;-0.065506
311;-1.402817;0.354752;-0.111877
312;-1.346970;0.431473;-0.172729
313;-1.243515;0.458755;-0.162643
314;-1.238480;0.498230;-0.133041
315;-1.228928;0.615402;-0.135117
316;-1.124252;0.634766;-0.092987
317;-0.818130;0.659134;-0.101791
318;-0.888687;0.884155;-0.052597
319;-0.582932;0.696487;-0.098907
320;-1.249847;0.765244;0.060516
321;-1.211807;0.613358;0.111923
322;-1.060898;0.461411;0.109436
323;-1.104935;0.387253;0.002930
324;-1.297607;0.394119;-0.079422
325;-1.462265;0.353958;-0.093842
326;-1.564560;0.219772;-0.055557
327;-1.689880;0.151093;-0.125656
328;-1.592194;-0.034729;-0.284119
329;-1.485687;-0.071625;-0.298508
330;-1.253571;-0.159119;-0.232193
331;-1.398239;0.144897;-0.149918
332;-1.460266;0.287964;-0.196411
333;-1.387848;0.396301;-0.204239
334;-1.359100;0.516403;-0.171143
335;-1.294250;0.605850;-0.134018
336;-1.241989;0.680069;-0.132874
337;-1.143127;0.677963;-0.057098
338;-1.079056;0.826065;0.008087
339;-0.863983;0.811447;-0.015320
340;-0.917053;0.821640;-0.001831
341;-0.956116;0.701279;-0.110428
342;-1.186127;0.795609;-0.027283
343;-1.051346;0.459839;0.106201
344;-0.891647;0.367584;0.018173
345;-1.021805;0.397369;-0.034363
346;-1.276596;0.487640;-0.165100
347;-1.413635;0.469437;-0.228775
348;-1.747040;0.331192;-0.206009
349;-1.775497;0.024139;-0.325699
350;-1.790192;0.030075;-0.308517
351;-1.230179;-0.124954;-0.221481
352;-1.383377;0.195755;-0.209976
353;-1.455368;0.445755;-0.236450
354;-1.489090;0.572601;-0.250183
355;-1.429840;0.669647;-0.193771
356;-1.320236;0.715530;-0.200302
357;-1.269821;0.699890;-0.200165
358;-1.091766;0.631027;-0.182816
359;-0.956818;0.609283;-0.108307
360;-0.684784;0.632889;-0.092773
361;-0.529800;0.525589;-0.148773
362;-0.749924;0.586044;-0.048096
363;-0.976593;0.454620;-0.085281
364;-1.255188;0.702499;-0.005356
365;-1.131409;0.461090;-0.063324
366;-1.064056;0.403397;0.003036
367;-1.161057;0.400818;-0.084930
368;-1.274475;0.428055;-0.131012
369;-1.407913;0.424973;-0.166840
370;-1.453491;0.351562;-0.163574
371;-1.630676;0.243866;-0.163086
372;-1.502869;0.071152;-0.278793
373;-1.477936;-0.019363;-0.296417
374;-1.309677;-0.054749;-0.220673
375;-1.326981;0.280991;-0.152512
376;-1.335938;0.363464;-0.177475
377;-1.164581;0.417374;-0.222488
378;-1.084213;0.461945;-0.197250
379;-1.058594;0.492691;-0.177689
380;-1.127106;0.579498;-0.155930
381;-1.130219;0.619400;-0.183319
382;-1.117722;0.712601;-0.205643
383;-0.975403;0.783051;-0.205658
384;-0.775284;0.852295;-0.104126
385;-0.802170;0.704391;-0.101562
386;-1.217392;0.750687;0.046783
387;-1.056168;0.561325;-0.011200
388;-0.885712;0.410156;0.035675
389;-0.950317;0.357208;0.097321
390;-1.170288;0.335144;-0.007538
391;-1.263062;0.306915;-0.020996
392;-1.556290;0.304092;-0.002640
393;-1.710114;0.214523;-0.058517
394;-1.684753;-0.006866;-0.141891
395;-1.447006;-0.163986;-0.180664
396;-1.312714;-0.061661;-0.176117
397;-1.448227;0.269653;-0.142670
398;-1.461319;0.352615;-0.211090
399;-1.279358;0.432388;-0.204758
400;-1.193604;0.464035;-0.199905
401;-1.138519;0.495407;-0.152390
402;-1.079620;0.544983;-0.125549
403;-1.034058;0.571304;-0.169434
404;-0.978455;0.666840;-0.170425
405;-0.851089;0.689499;-0.124863
406;-0.749435;0.575027;-0.138000
407;-0.928055;0.584595;-0.176315
408;-1.211304;0.591721;-0.100266
409;-1.153885;0.487350;-0.067673
410;-1.115173;0.334244;-0.046478
411;-1.139664;0.315155;-0.069397
412;-1.259613;0.362381;-0.185806
413;-1.400665;0.359314;-0.263504
414;-1.674149;0.309036;-0.276489
415;-1.689743;0.041382;-0.385345
416;-1.606415;0.026123;-0.446564
417;-1.244888;-0.174850;-0.406723
418;-1.315964;0.121399;-0.301849
419;-1.517776;0.354294;-0.321899
420;-1.419312;0.444016;-0.315018
421;-1.391525;0.533295;-0.258575
422;-1.323914;0.574509;-0.234528
423;-1.214691;0.604645;-0.211075
424;-1.262253;0.653107;-0.199768
425;-1.056091;0.601379;-0.184357
426;-0.861740;0.579041;-0.197723
427;-0.810608;0.569107;-0.163559
428;-0.659653;0.421875;-0.219177
429;-0.935486;0.519394;-0.174271
430;-1.021866;0.484695;-0.179520
431;-1.025635;0.359116;-0.083160
432;-0.910233;0.318817;-0.046753
433;-1.074127;0.390121;-0.090088
434;-1.264175;0.439774;-0.152817
435;-1.560379;0.422897;-0.165085
436;-1.770294;0.320618;-0.187088
437;-1.676224;0.105087;-0.270691
438;-1.586487;0.167374;-0.254898
439;-1.259689;-0.039291;-0.247284
440;-1.370010;0.250916;-0.208542
441;-1.423248;0.371338;-0.234863
442;-1.366943;0.452515;-0.179871
443;-1.287933;0.500015;-0.211411
444;-1.176514;0.556793;-0.145691
445;-0.950653;0.620483;-0.087433
446;-0.726074;0.677948;-0.015732
447;-0.577408;0.769394;0.040359
448;-0.749985;0.808975;-0.130173
449;-0.916702;0.875916;-0.187744
450;-0.988602;0.765289;-0.236008
451;-1.337143;0.987473;-0.117523
452;-1.146622;0.599243;-0.100830
453;-0.916229;0.417191;-0.078461
454;-0.972488;0.342972;-0.078995
455;-1.117676;0.389496;-0.088928
456;-1.388138;0.444290;-0.104691
457;-1.552383;0.342926;-0.158142
458;-1.726410;0.145279;-0.239105
459;-1.843063;0.038773;-0.294525
460;-1.455292;-0.096283;-0.247925
461;-1.366318;0.192474;-0.137924
462;-1.454758;0.439850;-0.137253
463;-1.406235;0.529236;-0.158783
464;-1.282501;0.556091;-0.183029
465;-1.159851;0.555054;-0.171082
466;-1.154007;0.589386;-0.121536
467;-1.095993;0.636429;-0.121231
468;-1.080627;0.677338;-0.074371
469;-1.023392;0.698181;-0.082199
470;-0.827789;0.677689;-0.036636
471;-0.692703;0.605331;-0.077942
472;-0.979523;0.800949;-0.003159
473;-1.005661;0.680466;-0.017899
474;-0.839371;0.579544;0.128860
475;-1.024948;0.616653;0.054062
476;-1.325241;0.645554;-0.003998
477;-1.555923;0.634171;-0.033981
478;-1.642166;0.526108;-0.012405
479;-1.820023;0.464752;-0.070190
480;-1.624512;0.197815;-0.273178
481;-1.423401;0.047073;-0.282547
482;-1.301498;-0.053635;-0.202332
483;-1.402328;0.305298;-0.115738
484;-1.377563;0.498322;-0.161835
485;-1.228043;0.545242;-0.132126
486;-1.166748;0.593338;-0.024246
487;-1.129395;0.607239;-0.049820
488;-1.138123;0.654907;-0.021378
489;-1.116592;0.786926;-0.034317
490;-0.979263;0.853806;-0.038651
491;-0.870468;0.734619;-0.118027
492;-0.873276;0.805862;-0.079468
493;-1.014008;0.750778;-0.072815
494;-1.028885;0.789993;0.000824
495;-0.907135;0.534637;-0.027756
496;-0.767944;0.401108;-0.028091
497;-0.939484;0.404816;-0.038223
498;-1.153503;0.500168;-0.069946
499;-1.457657;0.524704;-0.094986
500;-1.643127;0.448776;-0.130936
501;-1.692688;0.295517;-0.194931
502;-1.691574;0.193008;-0.187775
503;-1.322403;-0.029297;-0.244568
504;-1.386337;0.296707;-0.176163
505;-1.307236;0.393967;-0.243240
506;-1.085999;0.402908;-0.234726
507;-0.994751;0.425598;-0.179764
508;-0.981979;0.502136;-0.138519
509;-1.040710;0.607178;-0.118637
510;-1.064484;0.709595;-0.131256
511;-1.155151;0.780914;-0.171982
512;-0.989975;0.680695;-0.229843
513;-0.883331;0.812164;-0.107605
514;-0.849869;0.731842;-0.158005
515;-1.043762;0.832779;0.036652
516;-1.062256;0.658997;0.118927
517;-0.776611;0.499847;0.146042
518;-0.792404;0.465576;0.146423
519;-0.951431;0.440338;0.010422
520;-1.217728;0.529190;-0.082672
521;-1.451050;0.524658;-0.095367
522;-1.762024;0.505737;-0.120407
523;-1.686630;0.307205;-0.292816
524;-1.436539;0.126205;-0.332443
525;-1.261169;0.125229;-0.232208
526;-1.299698;0.369247;-0.158035
527;-1.305801;0.506378;-0.145493
528;-1.144821;0.502869;-0.117432
529;-1.056290;0.512283;-0.028442
530;-0.998901;0.552750;-0.032089
531;-0.986588;0.659744;-0.036606
532;-0.933731;0.685333;-0.082535
533;-0.989212;0.777588;-0.082031
534;-0.915253;0.781219;-0.111969
535;-0.915115;0.822525;-0.041733
536;-1.030548;0.777557;-0.029480
537;-1.144547;0.755539;-0.030121
538;-0.979645;0.471909;0.066788
539;-0.829468;0.355240;0.063721
540;-0.816010;0.354599;0.010117
541;-1.016647;0.378464;-0.102097
542;-1.310150;0.428467;-0.225494
543;-1.622208;0.382828;-0.239334
544;-1.714172;0.163498;-0.416428
545;-1.687286;0.067780;-0.575775
546;-1.225571;-0.101883;-0.472076
547;-1.442978;0.172424;-0.303329
548;-1.422913;0.336838;-0.285660
549;-1.287506;0.406815;-0.257309
550;-1.166122;0.443497;-0.258499
551;-1.099869;0.511215;-0.246414
552;-1.116379;0.565567;-0.228683
553;-1.239914;0.670517;-0.200638
554;-1.232437;0.652573;-0.220398
555;-1.091263;0.666382;-0.185089
556;-0.857559;0.740250;-0.118729
557;-0.857498;0.708511;-0.074066
558;-1.169693;0.731537;-0.085068
559;-0.962112;0.492767;-0.003754
560;-0.822083;0.331894;0.145630
561;-0.813705;0.264450;-0.006836
562;-0.978973;0.362137;-0.198105
563;-1.288925;0.485596;-0.369156
564;-1.701797;0.480911;-0.408615
565;-1.879791;0.206894;-0.428162
566;-1.929489;0.132263;-0.341614
567;-1.381668;-0.025314;-0.313187
568;-1.266846;0.054947;-0.272995
569;-1.282455;0.311981;-0.257294
570;-1.295486;0.399384;-0.244003
571;-1.102493;0.401108;-0.225250
572;-1.024368;0.405334;-0.216827
573;-0.997208;0.462173;-0.198822
574;-0.978683;0.537903;-0.156372
575;-1.033615;0.594742;-0.136765
576;-0.966278;0.636734;-0.120575
577;-0.918396;0.612823;-0.195358
578;-0.847641;0.712967;-0.151337
579;-0.970779;0.594711;-0.171310
580;-1.312256;0.649780;0.037155
581;-1.160782;0.465485;-0.022217
582;-0.961761;0.332336;-0.020538
583;-0.994812;0.322372;-0.024033
584;-1.103973;0.287918;-0.097610
585;-1.223740;0.237000;-0.112152
586;-1.486053;0.200394;-0.160110
587;-1.640244;0.100861;-0.154068
588;-1.637054;0.087753;-0.123123
589;-1.464874;-0.004349;-0.185471
590;-1.381805;0.051682;-0.113312
591;-1.516586;0.335083;-0.051376
592;-1.674408;0.567413;-0.087158
593;-1.435135;0.556091;-0.151978
594;-1.234970;0.520905;-0.160156
595;-1.144012;0.552399;-0.150742
596;-1.034119;0.604248;-0.155685
597;-0.907120;0.607834;-0.118637
598;-0.723831;0.638336;-0.080978
599;-0.572296;0.520599;-0.117325
600;-0.785583;0.546600;-0.062027
601;-0.918915;0.408081;-0.081009
602;-1.433182;0.654984;0.057510
603;-1.381683;0.509048;-0.027390
604;-1.220840;0.392242;-0.059982
605;-1.104294;0.316269;-0.063400
606;-1.277985;0.365219;-0.038223
607;-1.302170;0.367783;-0.056610
608;-1.462479;0.308685;-0.048645
609;-1.682800;0.208954;-0.066086
610;-1.562347;-0.050262;-0.233292
611;-1.442444;-0.010330;-0.263000
612;-1.270340;0.032715;-0.127747
613;-1.495865;0.344345;-0.111099
614;-1.505997;0.418823;-0.161560
615;-1.333908;0.432327;-0.118652
616;-1.275497;0.549744;-0.074249
617;-1.209808;0.632370;-0.120667
618;-1.151382;0.659424;-0.100281
619;-1.051254;0.646652;-0.082153
620;-1.049133;0.644333;-0.120499
621;-0.983582;0.609741;-0.167328
622;-0.894470;0.671143;-0.134293
623;-0.706451;0.660156;-0.053574
624;-0.965912;0.752243;0.066544
625;-1.057571;0.518982;0.047501
626;-0.996689;0.355331;0.101654
627;-1.115707;0.361908;0.095810
628;-1.262909;0.432449;0.013428
629;-1.531387;0.427795;-0.013229
630;-1.674347;0.305389;-0.023346
631;-1.771255;0.197754;-0.107117
632;-1.537277;0.008469;-0.211639
633;-1.333801;-0.036377;-0.240784
634;-1.273849;-0.074112;-0.160583
635;-1.405930;0.217010;-0.152725
636;-1.450485;0.348755;-0.149521
637;-1.304688;0.432053;-0.114685
638;-1.180771;0.509384;-0.125793
639;-1.162933;0.672623;-0.304260
640;-1.119446;0.761612;-0.469818
641;-0.974716;0.762573;-0.136200
642;-1.018723;0.540146;0.102997
643;-0.903427;0.613174;0.052277
644;-0.946609;0.572006;0.083221
645;-1.203506;0.745071;0.014771
646;-1.326752;0.739182;-0.042038
647;-0.982880;0.485428;-0.034744
648;-0.858490;0.301147;-0.016663
649;-1.003937;0.295013;0.021835
650;-1.146439;0.293289;-0.087296
651;-1.358093;0.300903;-0.159760
652;-1.585678;0.250000;-0.262299
653;-1.632767;0.001770;-0.335602
654;-1.548569;-0.006760;-0.373291
655;-1.244583;-0.092209;-0.275482
656;-1.379303;0.101791;-0.202255
657;-1.433243;0.287460;-0.194489
658;-1.505722;0.398865;-0.157135
659;-1.377731;0.467957;-0.110504
660;-1.301453;0.524200;-0.144440
661;-1.287643;0.611221;-0.160934
662;-1.089691;0.584244;-0.143341
663;-0.934280;0.545105;-0.131042
664;-0.772705;0.626358;-0.112198
665;-0.917953;0.725204;-0.108765
666;-0.949402;0.622894;-0.180359
667;-1.228012;0.736023;-0.179047
668;-1.159714;0.638245;0.111084
669;-1.062180;0.393509;0.275940
670;-0.992325;0.355865;0.104660
671;-1.147842;0.401093;-0.025085
672;-1.361969;0.379517;-0.122192
673;-1.566833;0.250229;-0.140289
674;-1.760147;0.089355;-0.147003
675;-1.541214;0.093277;-0.204559
676;-1.424652;0.196243;-0.165939
677;-1.290009;0.072571;-0.261642
678;-1.357254;0.192474;-0.236755
679;-1.534454;0.359283;-0.177643
680;-1.469421;0.450974;-0.132324
681;-1.343063;0.524399;-0.048492
682;-1.246262;0.568787;-0.073456
683;-1.164825;0.645386;-0.082397
684;-1.016144;0.637878;-0.068924
685;-0.859375;0.541748;-0.074081
686;-0.766998;0.528671;-0.067184
687;-0.875839;0.553574;-0.008179
688;-0.886581;0.639465;0.047546
689;-1.086700;0.777222;0.079330
690;-1.336105;0.859024;0.041901
691;-1.235428;0.715454;-0.024734
692;-1.216980;0.585785;-0.071365
693;-1.346252;0.593246;-0.088440
694;-1.557709;0.564117;-0.115005
695;-1.663162;0.434494;-0.161682
696;-1.758987;0.135376;-0.310532
697;-1.591415;0.047806;-0.420731
698;-1.371994;0.120834;-0.369019
699;-1.287415;-0.088669;-0.385010
700;-1.444153;0.239044;-0.338104
701;-1.764664;0.598816;-0.308243
702;-1.813156;0.775955;-0.212418
703;-1.680756;0.839554;-0.123871
704;-1.532623;0.902878;-0.103134
705;-1.358322;0.899521;-0.123505
706;-1.143555;0.800018;-0.104172
707;-1.010498;0.723221;-0.095139
708;-0.853943;0.682709;-0.076645
709;-0.782715;0.681381;-0.083069
710;-0.645462;0.601578;-0.034027
711;-0.808990;0.649033;0.002258
712;-1.060181;0.720490;0.015137
713;-1.110687;0.595734;0.012924
714;-1.199127;0.596069;0.087372
715;-1.409393;0.679077;0.059128
716;-1.646423;0.811478;-0.104614
717;-1.849808;0.796753;-0.123199
718;-1.979004;0.695740;-0.322250
719;-1.930832;0.303131;-0.495148
720;-1.698944;-0.072906;-0.586807
721;-1.187515;-0.207962;-0.403275
722;-1.258530;0.037582;-0.314056
723;-1.349930;0.328400;-0.343491
724;-1.498184;0.573593;-0.339340
725;-1.517487;0.674408;-0.230972
726;-1.617798;0.793579;-0.153748
727;-1.710556;0.920105;-0.049561
728;-1.560242;0.930328;-0.150558
729;-1.300491;0.895630;-0.170715
730;-0.994965;0.736816;-0.136780
731;-0.851624;0.900879;-0.026108
732;-0.587982;0.668594;-0.007645
733;-0.981720;0.839951;0.133713
734;-0.864838;0.701309;0.004440
735;-0.709366;0.564178;-0.132599
736;-0.852478;0.481979;-0.081802
737;-1.099503;0.562653;-0.048737
738;-1.474258;0.652191;-0.107773
739;-1.753952;0.632690;-0.157364
740;-2.098373;0.511139;-0.304428
741;-1.849487;0.223557;-0.414459
742;-1.661865;0.342499;-0.302429
743;-1.207550;-0.035263;-0.228882
744;-1.283768;-0.146240;-0.259888
745;-1.262894;0.125137;-0.229904
746;-1.354584;0.323288;-0.154602
747;-1.280502;0.405167;-0.120285
748;-1.309525;0.572540;-0.100525
749;-1.318512;0.707581;-0.105530
750;-1.268906;0.723251;-0.113876
751;-1.199249;0.715378;-0.120331
752;-1.103180;0.722122;-0.136734
753;-0.980652;0.631134;-0.157394
754;-0.760880;0.666901;-0.081116
755;-0.840561;0.672516;-0.014511
756;-0.925766;0.687180;0.036636
757;-0.777985;0.472748;-0.006668
758;-0.663193;0.369370;-0.031128
759;-0.797607;0.420807;-0.037781
760;-1.080811;0.517731;-0.083038
761;-1.493546;0.634384;-0.097519
762;-1.750381;0.494385;-0.168625
763;-1.859833;0.308792;-0.211792
764;-1.710037;0.304108;-0.260666
765;-1.161819;0.084290;-0.148483
766;-1.213257;0.159988;-0.071533
767;-1.305023;0.310684;-0.104736
768;-1.266800;0.319397;-0.128769
769;-1.094681;0.371628;-0.095322
770;-1.059189;0.469879;-0.074707
771;-1.078445;0.610977;-0.043686
772;-1.096725;0.692535;-0.076065
773;-0.989548;0.713470;-0.066803
774;-0.980759;0.726456;-0.083450
775;-1.035187;0.851105;-0.089706
776;-0.904205;0.886230;-0.085541
777;-0.744461;0.698257;-0.083038
778;-0.878586;0.609146;0.076965
779;-0.755692;0.447708;0.084579
780;-0.771194;0.394196;-0.006439
781;-0.848068;0.367920;-0.021439
782;-1.038300;0.404800;-0.043274
783;-1.307968;0.454758;-0.024979
784;-1.562485;0.432175;-0.079315
785;-1.571609;0.349396;-0.163071
786;-1.584381;0.355484;-0.180939
787;-1.233154;0.073364;-0.164886
788;-1.260254;0.260086;-0.059998
789;-1.241653;0.365967;-0.104401
790;-1.102875;0.379318;-0.117218
791;-0.977600;0.383926;-0.116486
792;-0.940353;0.411224;-0.115036
793;-0.964539;0.532898;-0.089264
794;-1.005814;0.590790;-0.082886
795;-1.058868;0.702499;-0.131607
796;-0.949661;0.704651;-0.128693
797;-0.911102;0.808243;-0.013382
798;-0.778030;0.540298;-0.051071
799;-1.046310;0.699463;0.026611
800;-0.959167;0.521469;-0.043747
801;-0.799728;0.357483;0.007187
802;-0.696579;0.292603;0.031799
803;-0.799210;0.310028;0.029724
804;-0.965424;0.385788;-0.035522
805;-1.243256;0.411377;-0.023468
806;-1.548248;0.404877;-0.017166
807;-1.586823;0.310196;-0.100769
808;-1.658325;0.387009;-0.101440
809;-1.122269;0.050491;-0.081497
810;-1.346558;0.311478;0.001282
811;-1.389252;0.420975;-0.083618
812;-1.186844;0.410309;-0.148468
813;-1.014053;0.396973;-0.124268
814;-0.934158;0.446213;-0.082458
815;-0.932587;0.532623;-0.067505
816;-0.873993;0.596054;-0.043564
817;-0.886658;0.642319;-0.053909
818;-0.894592;0.678497;-0.047668
819;-0.989197;0.756714;-0.023590
820;-0.921341;0.627869;-0.076141
821;-1.169830;0.613251;-0.030930
822;-1.030426;0.420761;0.091187
823;-0.807114;0.360657;0.022202
824;-0.699738;0.277069;-0.033203
825;-0.762909;0.289658;-0.017441
826;-1.007599;0.386642;-0.035080
827;-1.225937;0.336182;-0.016541
828;-1.585693;0.406281;-0.001297
829;-1.710114;0.382767;-0.145142
830;-1.493881;0.222519;-0.205734
831;-1.346390;0.158005;-0.095581
832;-1.227814;0.331039;-0.051788
833;-1.190918;0.422943;-0.054459
834;-0.986023;0.353088;-0.085464
835;-0.802170;0.320831;-0.060898
836;-0.759583;0.328339;-0.032761
837;-0.769394;0.439270;-0.020081
838;-0.832504;0.566895;-0.017410
839;-0.997849;0.642151;-0.047974
840;-1.175858;0.714035;-0.079407
841;-1.074692;0.733063;0.026306
842;-0.961258;0.515503;-0.015457
843;-1.134308;0.565552;0.108688
844;-0.952011;0.345749;0.048538
845;-0.668625;0.229950;-0.009308
846;-0.588425;0.186615;-0.067993
847;-0.677673;0.235535;-0.079300
848;-0.935776;0.344055;-0.044556
849;-1.288315;0.377899;-0.018921
850;-1.535873;0.395889;-0.037994
851;-1.611038;0.330414;-0.088974
852;-1.310303;0.161194;-0.125839
853;-1.411407;0.210907;-0.041260
854;-1.378418;0.368134;-0.045090
855;-1.228134;0.400650;-0.102234
856;-0.960983;0.351974;-0.105072
857;-0.881546;0.347351;-0.062836
858;-0.857162;0.398315;-0.043655
859;-0.880295;0.518448;-0.025574
860;-0.835800;0.597046;-0.055771
861;-0.885513;0.600128;-0.171722
862;-0.957321;0.538025;-0.282486
863;-0.984055;0.640732;0.053101
864;-1.104156;0.534653;0.095703
865;-1.233673;0.551529;0.195328
866;-0.914154;0.303940;0.154358
867;-0.700409;0.191528;0.085480
868;-0.758331;0.257202;0.008362
869;-0.943222;0.350983;-0.118530
870;-1.148392;0.353653;-0.183060
871;-1.410065;0.355331;-0.167862
872;-1.559174;0.284042;-0.206650
873;-1.639862;0.370895;-0.260468
874;-1.154419;0.086899;-0.226547
875;-1.408493;0.276352;-0.093964
876;-1.473679;0.375061;-0.122330
877;-1.275681;0.354828;-0.133224
878;-1.047974;0.342224;-0.092438
879;-0.949417;0.417160;-0.073822
880;-0.920776;0.496857;-0.026901
881;-0.846954;0.566025;-0.007401
882;-0.828720;0.588379;-0.025238
883;-0.832016;0.569992;-0.091370
884;-0.971603;0.688828;-0.098984
885;-0.894760;0.507965;-0.138977
886;-1.167938;0.546066;-0.060257
887;-1.324219;0.528305;0.079239
888;-1.085190;0.222046;0.142731
889;-0.826447;0.082520;0.128616
890;-0.690948;0.070389;0.089630
891;-0.789841;0.174393;0.034698
892;-1.089554;0.323654;0.071793
893;-1.432007;0.328094;0.113358
894;-1.613327;0.239014;0.075729
895;-1.663437;0.285324;-0.076401
896;-1.395920;0.109207;-0.194107
897;-1.431580;0.384750;-0.111282
898;-1.299957;0.449448;-0.139359
899;-1.023346;0.353485;-0.140320
900;-0.742706;0.267212;-0.119675
901;-0.726151;0.277634;-0.091324
902;-0.762909;0.402878;-0.039734
903;-0.847717;0.516403;-0.044373
904;-0.969467;0.590225;-0.070175
905;-0.991257;0.697205;-0.114395
906;-1.104797;0.803391;-0.075943
907;-1.077866;0.640579;-0.148239
908;-1.375366;0.664581;-0.031464
909;-1.069138;0.346176;0.059479
910;-0.743256;0.249649;0.112869
911;-0.640610;0.225830;0.077423
912;-0.713486;0.231918;0.015030
913;-0.928391;0.279999;-0.055618
914;-1.203674;0.310226;-0.067886
915;-1.499481;0.315720;-0.077835
916;-1.460587;0.284470;-0.187332
917;-1.408142;0.341614;-0.185852
918;-1.294250;0.221848;-0.097244
919;-1.371689;0.366470;-0.065323
920;-1.235382;0.399277;-0.122284
921;-0.966263;0.331299;-0.135574
922;-0.845016;0.358154;-0.105362
923;-0.773254;0.418854;-0.082184
924;-0.778091;0.502182;-0.075180
925;-0.809647;0.590149;-0.069321
926;-0.941452;0.629837;-0.118103
927;-1.092026;0.707581;-0.146317
928;-1.032501;0.661636;-0.132965
929;-1.088501;0.666519;-0.166855
930;-1.234848;0.711441;-0.115601
931;-0.903412;0.437149;-0.003708
932;-0.652161;0.287811;0.065796
933;-0.660385;0.247131;0.075119
934;-0.858688;0.321442;0.043655
935;-1.136642;0.420181;-0.014221
936;-1.473328;0.436188;-0.006607
937;-1.523453;0.306686;-0.021408
938;-1.612930;0.366623;-0.038040
939;-1.276321;0.108597;-0.065826
940;-1.445618;0.408890;-0.032211
941;-1.381790;0.548523;-0.098038
942;-1.127991;0.466797;-0.161621
943;-0.928131;0.426071;-0.120285
944;-0.876770;0.442856;-0.067810
945;-0.876022;0.533249;-0.031982
946;-0.885056;0.679153;-0.053452
947;-0.903976;0.741379;-0.103424
948;-0.923935;0.736343;-0.041870
949;-0.909546;0.735535;-0.052643
950;-0.969559;0.612625;-0.109222
951;-1.207733;0.712463;-0.013382
952;-0.990311;0.439377;-0.002090
953;-0.729904;0.306702;0.024597
954;-0.644409;0.278000;0.036041
955;-0.829041;0.362183;-0.006989
956;-1.109650;0.424988;-0.031830
957;-1.455078;0.420929;0.018158
958;-1.505356;0.313263;0.007523
959;-1.509033;0.263977;-0.134949
960;-1.251801;0.197250;-0.099960
961;-1.426926;0.349380;-0.004196
962;-1.567429;0.604507;-0.076843
963;-1.272156;0.503006;-0.192383
964;-0.965088;0.368698;-0.130661
965;-0.818115;0.360291;-0.089630
966;-0.843033;0.441742;-0.071518
967;-0.963791;0.640854;-0.036530
968;-0.934967;0.716187;-0.044128
969;-0.908508;0.663544;-0.106812
970;-0.917709;0.726944;-0.046921
971;-0.876801;0.609741;-0.021042
972;-1.186386;0.771423;0.022308
973;-1.186798;0.689758;0.041122
974;-0.891129;0.474197;0.043579
975;-0.725403;0.350632;0.021118
976;-0.836426;0.339233;0.011642
977;-1.020309;0.385056;-0.016205
978;-1.310135;0.444992;-0.012238
979;-1.536987;0.363235;0.001587
980;-1.562241;0.189590;-0.019531
981;-1.589279;0.290726;-0.055252
982;-1.283157;0.160965;-0.049011
983;-1.498962;0.493164;-0.000137
984;-1.491348;0.578033;-0.113449
985;-1.311676;0.591858;-0.106964
986;-1.122269;0.599319;-0.109604
987;-1.001266;0.594177;-0.164627
988;-0.969910;0.644516;-0.151993
989;-0.954163;0.707138;-0.089630
990;-0.858276;0.684189;-0.213318
991;-0.683609;0.706802;-0.285385
992;-0.728516;0.681763;-0.048080
993;-0.785202;0.391891;0.102036
994;-1.044220;0.498276;0.185028
995;-1.301300;0.680405;0.036209
996;-1.135498;0.502655;-0.234970
997;-1.005341;0.357864;-0.192444
998;-1.045273;0.343491;-0.018829
999;-1.114487;0.385178;0.036957
1000;-1.207748;0.391891;0.087769
1001;-1.495712;0.438721;0.073227
1002;-1.531250;0.262909;-0.069427
1003;-1.562973;0.156052;-0.203995
1004;-1.402039;0.094269;-0.112808
1005;-1.454071;0.463821;-0.009171
1006;-1.397430;0.562729;-0.069092
1007;-1.243835;0.485382;-0.089767
1008;-1.108459;0.517197;-0.070099
1009;-1.010071;0.512054;-0.076843
1010;-1.020767;0.584579;-0.064880
1011;-1.000153;0.679413;-0.066238
1012;-0.938980;0.670563;-0.164185
1013;-0.814514;0.599686;-0.251266
1014;-0.908142;0.650940;-0.148178
1015;-0.856079;0.517517;-0.095871
1016;-1.131546;0.630325;0.050125
1017;-1.125137;0.464569;0.095215
1018;-0.871902;0.329285;0.053314
1019;-0.660843;0.281403;-0.050903
1020;-0.784286;0.342850;-0.063461
1021;-1.030655;0.468445;-0.035782
1022;-1.373596;0.559525;-0.033401
1023;-1.697800;0.598633;0.000015
1024;-1.639984;0.292709;-0.059875
1025;-1.639755;0.401840;-0.059616
1026;-1.142151;0.100723;-0.053253
1027;-1.206970;0.210175;-0.008575
1028;-1.324814;0.425919;-0.043091
1029;-1.222092;0.449829;-0.124268
1030;-1.046295;0.457916;-0.164871
1031;-0.923309;0.470947;-0.150894
1032;-0.920609;0.515335;-0.130920
1033;-1.009048;0.605377;-0.129532
1034;-1.106293;0.758972;-0.208389
1035;-0.988983;0.834427;-0.177490
1036;-0.910706;0.839081;-0.107300
1037;-0.831253;0.578796;-0.184250
1038;-1.146942;0.715973;-0.084122
1039;-0.945953;0.450943;-0.076691
1040;-0.745483;0.316757;-0.029221
1041;-0.631882;0.270523;-0.007675
1042;-0.757507;0.296326;-0.046814
1043;-0.941589;0.329224;-0.056610
1044;-1.318939;0.414795;-0.004028
1045;-1.581223;0.404648;0.053604
1046;-1.521118;0.229828;0.041260
1047;-1.584335;0.253906;-0.012238
1048;-1.235016;-0.006424;-0.062561
1049;-1.463699;0.356323;-0.005722
1050;-1.336380;0.413040;-0.084808
1051;-1.136658;0.397598;-0.107635
1052;-0.960861;0.390533;-0.095596
1053;-0.900970;0.445374;-0.074493
1054;-0.932678;0.536697;-0.034332
1055;-0.912903;0.589554;-0.044281
1056;-0.829468;0.538559;-0.087570
1057;-0.903427;0.562271;-0.110367
1058;-1.093018;0.643753;-0.061142
1059;-0.979691;0.502274;-0.108826
1060;-1.173401;0.617432;0.041229
1061;-1.010162;0.488708;0.088898
1062;-0.665390;0.382187;0.094360
1063;-0.621567;0.370148;0.118591
1064;-0.890335;0.370865;0.030945
1065;-1.106110;0.478424;-0.030807
1066;-1.375641;0.476746;0.007355
1067;-1.624878;0.477310;0.019943
1068;-1.597046;0.349854;-0.049927
1069;-1.456741;0.267212;-0.016724
1070;-1.370590;0.126404;0.041412
1071;-1.395676;0.399765;0.021774
1072;-1.273285;0.487167;-0.053009
1073;-1.085602;0.473221;-0.066422
1074;-0.956604;0.447922;-0.077698
1075;-0.958420;0.494797;-0.026443
1076;-0.939529;0.553741;-0.026962
1077;-0.880142;0.601532;-0.035965
1078;-0.889786;0.676590;-0.013962
1079;-0.726715;0.649414;-0.082260
1080;-0.970474;0.769806;-0.069260
1081;-0.976730;0.537949;-0.104034
1082;-1.255890;0.609329;0.040329
1083;-1.150055;0.407043;0.193741
1084;-0.877548;0.217407;0.194458
1085;-0.766693;0.201477;0.157608
1086;-0.813309;0.278458;0.093002
1087;-0.942688;0.315048;0.060730
1088;-1.210129;0.349197;0.057571
1089;-1.578506;0.430725;0.071365
1090;-1.516998;0.233505;-0.035553
1091;-1.434677;0.227692;-0.049805
1092;-1.304001;0.230713;-0.005585
1093;-1.316177;0.415024;-0.014633
1094;-1.197922;0.410721;-0.064835
1095;-0.996643;0.348480;-0.078735
1096;-0.836105;0.339035;-0.068817
1097;-0.804733;0.398285;-0.048203
1098;-0.889359;0.515045;-0.021973
1099;-0.973007;0.611649;-0.025452
1100;-1.062119;0.656876;-0.083603
1101;-1.028641;0.732193;-0.102875
1102;-0.941254;0.739929;-0.072876
1103;-0.988098;0.592621;-0.048553
1104;-1.277115;0.654327;0.141602
1105;-0.989151;0.406464;0.153412
1106;-0.603546;0.275803;0.137878
1107;-0.481445;0.215607;0.192139
1108;-0.727036;0.313629;0.400879
1109;-0.971146;0.399506;0.384323
1110;-1.359558;0.431091;0.426559
1111;-1.586288;0.417770;0.342667
1112;-1.553452;0.306839;-0.026382
1113;-1.348785;0.353973;-0.156982
1114;-1.240356;0.320023;-0.028809
1115;-1.369644;0.549759;0.019562
1116;-1.169952;0.506180;-0.034805
1117;-0.978485;0.374588;-0.014175
1118;-0.849854;0.358063;0.021912
1119;-0.758850;0.359146;0.030823
1120;-0.807175;0.417770;0.073624
1121;-0.859390;0.536224;0.059113
1122;-0.950668;0.598587;0.026871
1123;-1.046494;0.622284;-0.011292
1124;-1.027267;0.626434;-0.024506
1125;-1.165878;0.597702;0.007706
1126;-1.311798;0.610840;0.155807
1127;-0.940140;0.376587;0.163498
1128;-0.584732;0.303268;0.129395
1129;-0.473190;0.265991;0.071091
1130;-0.690811;0.354507;0.030029
1131;-1.041763;0.447037;-0.011078
1132;-1.388245;0.494522;0.005814
1133;-1.566254;0.458862;0.024353
1134;-1.666885;0.409302;-0.066025
1135;-1.348373;0.141495;-0.026123
1136;-1.450867;0.234848;0.074371
1137;-1.400711;0.441879;0.052338
1138;-1.261368;0.483963;0.012863
1139;-1.052246;0.471329;-0.012146
1140;-0.920670;0.447006;-0.014603
1141;-0.866608;0.475708;-0.003189
1142;-0.893555;0.564209;0.012939
1143;-0.848907;0.598953;-0.014816
1144;-0.781754;0.583649;-0.081589
1145;-0.896698;0.641769;-0.145004
1146;-0.906296;0.659927;-0.040375
1147;-1.125229;0.626266;0.017929
1148;-1.277039;0.613754;0.165283
1149;-1.034836;0.453339;0.140869
1150;-0.761688;0.290710;0.082748
1151;-0.723587;0.284805;0.003250
1152;-0.901047;0.323303;-0.096161
1153;-1.165390;0.367920;-0.150452
1154;-1.498535;0.374481;-0.172287
1155;-1.616165;0.234955;-0.164719
1156;-1.762909;0.264450;-0.260635
1157;-1.308380;0.043701;-0.318222
1158;-1.406387;0.233337;-0.169876
1159;-1.325043;0.445038;-0.130859
1160;-1.185043;0.456116;-0.150742
1161;-1.012924;0.424316;-0.149506
1162;-0.927185;0.421799;-0.125473
1163;-1.003632;0.524979;-0.129425
1164;-1.007050;0.733383;-0.029999
1165;-0.689758;0.638763;-0.061096
1166;-0.770859;0.733200;-0.147003
1167;-0.887283;0.751495;-0.263718
1168;-1.010300;0.715012;-0.090530
1169;-1.038086;0.576233;0.025101
1170;-1.360794;0.624680;0.166092
1171;-0.916748;0.443588;0.092255
1172;-0.680420;0.387756;-0.092300
1173;-0.706635;0.393860;-0.190308
1174;-0.833862;0.396011;-0.251526
1175;-1.091248;0.406693;-0.295883
1176;-1.342850;0.364624;-0.303864
1177;-1.609802;0.340683;-0.277542
1178;-1.425171;0.242935;-0.309219
1179;-1.281418;0.144577;-0.326431
1180;-1.268387;0.140747;-0.203613
1181;-1.332275;0.342941;-0.139053
1182;-1.300537;0.397705;-0.148026
1183;-1.090576;0.343918;-0.142548
1184;-1.027359;0.424332;-0.145752
1185;-0.990417;0.499878;-0.138504
1186;-1.020020;0.610291;-0.119553
1187;-0.969513;0.677048;-0.090469
1188;-0.931381;0.738556;-0.122864
1189;-0.875443;0.770615;-0.133301
1190;-0.759094;0.641281;-0.111359
1191;-1.021149;0.619766;-0.104385
1192;-1.142944;0.643555;-0.067215
1193;-0.956085;0.412186;-0.077576
1194;-0.774277;0.322571;-0.046097
1195;-0.783035;0.271057;-0.032043
1196;-0.908920;0.348709;-0.039719
1197;-1.195145;0.468658;-0.078171
1198;-1.470535;0.461624;-0.093918
1199;-1.650284;0.289062;-0.131165
1200;-1.838791;0.302933;-0.218796
1201;-1.429459;0.109329;-0.216736
1202;-1.362076;0.268799;-0.085785
1203;-1.340195;0.434372;-0.086212
1204;-1.236099;0.478577;-0.144821
1205;-1.114166;0.497482;-0.164658
1206;-1.015030;0.510117;-0.145126
1207;-0.983810;0.556976;-0.092911
1208;-0.990967;0.612106;-0.060364
1209;-0.884109;0.592514;-0.068542
1210;-0.848129;0.647858;-0.079514
1211;-0.795197;0.682938;-0.077377
1212;-0.700882;0.521072;-0.079468
1213;-1.146851;0.659119;-0.025681
1214;-1.203049;0.623093;0.000702
1215;-0.995071;0.414932;-0.054459
1216;-0.782623;0.326935;-0.064178
1217;-0.878784;0.359955;-0.017456
1218;-1.070312;0.417160;-0.042603
1219;-1.322495;0.451385;-0.054703
1220;-1.571045;0.427826;-0.067581
1221;-1.596039;0.282959;-0.106247
1222;-1.618683;0.317566;-0.148712
1223;-1.322815;0.095505;-0.183685
1224;-1.374161;0.341461;-0.074951
1225;-1.371094;0.558990;-0.085648
1226;-1.276077;0.553894;-0.168640
1227;-1.089752;0.486221;-0.175415
1228;-0.971802;0.505692;-0.128677
1229;-0.934586;0.538254;-0.073608
1230;-0.899567;0.597122;-0.053986
1231;-0.783112;0.601929;-0.056915
1232;-0.740417;0.573410;-0.102661
1233;-0.880234;0.628372;-0.109192
1234;-0.890411;0.577591;-0.064896
1235;-1.132034;0.567474;-0.082962
1236;-1.324371;0.599762;0.037994
1237;-1.102493;0.384445;0.041870
1238;-0.795517;0.280960;-0.028595
1239;-0.775909;0.274109;-0.023239
1240;-0.884872;0.310135;-0.041885
1241;-1.120178;0.438126;-0.086563
1242;-1.298447;0.436249;-0.101120
1243;-1.493896;0.451233;-0.101288
1244;-1.611359;0.430145;-0.074219
1245;-1.426697;0.172073;-0.145126
1246;-1.263016;0.164337;-0.081223
1247;-1.273438;0.421967;-0.027222
1248;-1.146225;0.477020;-0.082077
1249;-0.953766;0.455063;-0.112305
1250;-0.848160;0.398621;-0.078445
1251;-0.808609;0.394012;-0.057251
1252;-0.791840;0.449310;-0.043182
1253;-0.857559;0.527740;-0.040009
1254;-0.921844;0.602020;-0.068665
1255;-0.884064;0.591309;-0.118317
1256;-0.914413;0.702682;-0.069580
1257;-0.865219;0.532562;-0.117981
1258;-1.281662;0.696152;-0.016693
1259;-1.098938;0.502777;-0.028091
1260;-0.893387;0.387558;-0.005081
1261;-0.720901;0.304489;0.010544
1262;-0.793686;0.322052;0.064713
1263;-0.992874;0.366119;0.024185
1264;-1.253769;0.363983;-0.023544
1265;-1.557861;0.441498;-0.022507
1266;-1.413696;0.254700;-0.163757
1267;-1.380890;0.307449;-0.161224
1268;-1.329376;0.243393;-0.087769
1269;-1.410538;0.485931;-0.062119
1270;-1.393845;0.569458;-0.132233
1271;-1.200485;0.547806;-0.162598
1272;-1.032990;0.542984;-0.165176
1273;-0.935272;0.558456;-0.132950
1274;-0.890350;0.612961;-0.116486
1275;-0.853531;0.647217;-0.106018
1276;-0.839157;0.687134;-0.106323
1277;-0.796066;0.614319;-0.158127
1278;-0.891815;0.675034;-0.070694
1279;-0.921722;0.511017;-0.080872
1280;-1.224854;0.669815;0.059692
1281;-1.069595;0.459412;0.044998
1282;-0.898163;0.352829;0.013214
1283;-0.759308;0.295364;-0.029037
1284;-0.881485;0.321243;0.001663
1285;-1.072723;0.403214;-0.012543
1286;-1.364365;0.485397;-0.005402
1287;-1.623047;0.420837;-0.032608
1288;-1.683853;0.303680;-0.147705
1289;-1.414642;0.152039;-0.171478
1290;-1.345795;0.241592;-0.026886
1291;-1.338394;0.449295;-0.051102
1292;-1.178879;0.445831;-0.121887
1293;-0.982101;0.377533;-0.132095
1294;-0.904022;0.411240;-0.101410
1295;-0.902969;0.464569;-0.084686
1296;-0.971329;0.608948;-0.069992
1297;-0.994553;0.686844;-0.097809
1298;-0.988998;0.804611;-0.082748
1299;-0.844681;0.747833;-0.116516
1300;-0.798645;0.689804;-0.029800
1301;-1.076355;0.750946;-0.009354
1302;-1.099670;0.804794;-0.034485
1303;-0.838120;0.489670;-0.098007
1304;-0.697220;0.323547;-0.037430
1305;-0.766144;0.315048;0.067734
1306;-1.027161;0.412796;0.040588
1307;-1.301559;0.448090;0.003967
1308;-1.624588;0.420517;-0.018570
1309;-1.588760;0.189255;-0.150345
1310;-1.594696;0.365875;-0.114243
1311;-1.187897;0.081482;-0.105682
1312;-1.527298;0.510818;-0.026352
1313;-1.413712;0.510666;-0.155823
1314;-1.218857;0.448685;-0.164001
1315;-1.094559;0.500458;-0.114410
1316;-1.033615;0.541824;-0.110428
1317;-1.089691;0.673279;-0.085098
1318;-1.083450;0.686066;-0.077805
1319;-1.076431;0.658951;-0.104370
1320;-0.780014;0.605286;-0.119812
1321;-0.816391;0.586990;-0.087265
1322;-0.716614;0.430664;-0.117081
1323;-1.017899;0.644089;-0.006195
1324;-0.999069;0.527451;-0.050018
1325;-0.945084;0.429871;-0.058029
1326;-0.947968;0.348007;-0.025864
1327;-1.048157;0.353714;-0.001801
1328;-1.323151;0.426682;-0.026901
1329;-1.591019;0.425293;0.008240
1330;-1.712769;0.249435;-0.030991
1331;-1.495865;0.160217;-0.142899
1332;-1.405670;0.244934;-0.104630
1333;-1.217865;0.053268;-0.124908
1334;-1.453461;0.428345;-0.057327
1335;-1.355469;0.416656;-0.126328
1336;-1.313278;0.474167;-0.083069
1337;-1.199982;0.558151;-0.065186
1338;-1.126114;0.609390;-0.076523
1339;-1.034927;0.641052;-0.058472
1340;-0.921982;0.620850;-0.057297
1341;-0.994705;0.675766;-0.059814
1342;-0.830582;0.587189;-0.109772
1343;-0.823486;0.543594;-0.034515
1344;-0.859787;0.520187;0.017868
1345;-1.039017;0.664352;0.202850
1346;-0.953705;0.484238;0.121384
1347;-0.843399;0.404739;0.013092
1348;-0.887238;0.397888;-0.054214
1349;-1.124054;0.480225;-0.084671
1350;-1.396255;0.570099;-0.110107
1351;-1.571671;0.436142;-0.122833
1352;-1.749954;0.357574;-0.150833
1353;-1.734894;0.353271;-0.289993
1354;-1.188782;0.022842;-0.257248
1355;-1.377396;0.250610;-0.113480
1356;-1.305161;0.360138;-0.125305
1357;-1.248993;0.384750;-0.089920
1358;-1.136948;0.397797;-0.038818
1359;-1.109421;0.523163;-0.027847
1360;-1.065613;0.563278;-0.030624
1361;-1.014862;0.588028;-0.021042
1362;-0.978958;0.588318;-0.025864
1363;-0.995773;0.716919;-0.029541
1364;-0.874176;0.696777;-0.093109
1365;-0.783417;0.624969;-0.064346
1366;-1.078949;0.733932;-0.041428
1367;-1.108978;0.670197;-0.080032
1368;-0.925674;0.473923;-0.063217
1369;-0.769348;0.349762;-0.012772
1370;-0.857773;0.335007;0.020584
1371;-1.081436;0.379089;0.020142
1372;-1.284775;0.396805;0.002136
1373;-1.604202;0.442871;0.028778
1374;-1.564362;0.271835;-0.044800
1375;-1.698669;0.344116;-0.048141
1376;-1.278366;0.049759;-0.110580
1377;-1.366196;0.306168;-0.036392
1378;-1.318680;0.444244;-0.090698
1379;-1.173645;0.416489;-0.117691
1380;-1.056137;0.438126;-0.113846
1381;-0.978500;0.484451;-0.100555
1382;-1.005722;0.566559;-0.095703
1383;-1.077805;0.674728;-0.070816
1384;-1.057053;0.704285;-0.079437
1385;-0.886032;0.877960;-0.012314
1386;-0.767334;0.931046;-0.019699
1387;-0.920883;0.827118;-0.096863
1388;-1.108948;0.812561;-0.060165
1389;-0.972961;0.522522;-0.036911
1390;-0.795105;0.358902;0.010056
1391;-0.804810;0.299667;0.100388
1392;-0.974075;0.354691;0.096603
1393;-1.283173;0.457687;0.066833
1394;-1.581680;0.415359;0.071823
1395;-1.757339;0.332367;0.026993
1396;-1.725876;0.328949;-0.025375
1397;-1.250214;0.120331;-0.011597
1398;-1.418457;0.400269;0.067932
1399;-1.420700;0.541824;-0.005966
1400;-1.253998;0.535019;-0.104843
1401;-0.991013;0.485458;-0.144379
1402;-0.863434;0.453033;-0.091431
1403;-0.896683;0.518738;-0.048981
1404;-0.934250;0.657715;-0.021103
1405;-0.821518;0.591309;-0.109756
1406;-0.917450;0.757004;-0.053375
1407;-0.871582;0.879105;-0.031082
1408;-0.795532;0.654419;-0.111084
1409;-1.174454;0.844589;-0.003738
1410;-1.156265;0.635086;0.007095
1411;-0.914627;0.413422;0.022415
1412;-0.809036;0.332809;0.065674
1413;-0.937149;0.344727;0.082611
1414;-1.134125;0.408234;0.075974
1415;-1.422974;0.440018;0.093903
1416;-1.654388;0.360184;0.064636
1417;-1.515274;0.112274;-0.044037
1418;-1.422531;0.287003;0.002777
1419;-1.362488;0.277481;-0.004425
1420;-1.534851;0.590454;-0.047333
1421;-1.453903;0.610718;-0.109299
1422;-1.256165;0.615723;-0.095154
1423;-1.011215;0.561447;-0.098801
1424;-0.896439;0.529114;-0.078537
1425;-0.884201;0.586334;-0.046646
1426;-0.874374;0.590088;-0.069412
1427;-0.914917;0.715775;-0.092880
1428;-0.716080;0.679611;-0.126373
1429;-0.827591;0.765472;-0.039215
1430;-1.089111;0.720886;-0.070877
1431;-1.296997;0.729034;-0.003601
1432;-1.185547;0.510040;0.114349
1433;-0.920227;0.369614;0.118530
1434;-0.971512;0.349838;0.106644
1435;-1.151672;0.415710;0.031326
1436;-1.401581;0.480698;-0.049469
1437;-1.564392;0.367813;-0.093369
1438;-1.690277;0.303070;-0.154831
1439;-1.660339;0.382950;-0.221786
1440;-1.347321;0.170013;-0.210617
1441;-1.364090;0.251343;-0.131134
1442;-1.399109;0.520065;-0.096603
1443;-1.425110;0.625000;-0.031876
1444;-1.242432;0.588486;-0.060547
1445;-1.163605;0.638336;-0.061111
1446;-1.100433;0.686798;-0.061279
1447;-0.998108;0.685608;-0.057281
1448;-0.862518;0.652390;-0.090317
1449;-0.828934;0.710968;-0.113663
1450;-0.830856;0.673874;-0.099594
1451;-0.777939;0.679962;0.004349
1452;-0.890701;0.735214;0.053101
1453;-1.055435;0.903839;0.145065
1454;-1.063004;0.774536;0.032608
1455;-1.215561;0.650223;-0.164169
1456;-1.334717;0.554871;-0.149857
1457;-1.307419;0.458389;-0.123871
1458;-1.436661;0.458740;-0.101181
1459;-1.514740;0.410645;-0.096954
1460;-1.568192;0.342117;-0.068924
1461;-1.365723;0.123184;-0.146866
1462;-1.309998;0.046204;-0.099106
1463;-1.374649;0.226746;-0.055450
1464;-1.544174;0.569641;-0.070541
1465;-1.528625;0.653122;-0.157410
1466;-1.377960;0.659256;-0.154282
1467;-1.278595;0.716339;-0.112640
1468;-1.203293;0.762756;-0.110779
1469;-1.170410;0.805862;-0.098404
1470;-1.046021;0.760071;-0.097565
1471;-0.929657;0.767548;-0.080841
1472;-0.813049;0.737518;-0.112900
1473;-0.623093;0.664688;-0.064819
1474;-0.758438;0.699738;0.044861
1475;-1.017090;0.677368;0.110092
1476;-1.029053;0.517548;0.123779
1477;-0.952042;0.474197;0.065399
1478;-1.076462;0.502029;0.031311
1479;-1.288376;0.570877;0.011185
1480;-1.499588;0.540894;0.040619
1481;-1.800583;0.557617;0.048248
1482;-1.732712;0.395325;-0.053925
1483;-1.670258;0.455612;-0.091080
1484;-1.172638;0.050919;-0.088104
1485;-1.368744;0.214813;-0.029526
1486;-1.335403;0.409332;-0.102203
1487;-1.247040;0.472946;-0.132355
1488;-1.120850;0.483765;-0.104599
1489;-1.060486;0.572052;-0.074326
1490;-1.033646;0.631683;-0.053986
1491;-1.085983;0.714203;-0.040848
1492;-1.012741;0.833786;-0.102661
1493;-0.832336;0.811661;-0.069092
1494;-0.747650;1.010666;-0.007477
1495;-0.667191;0.800186;0.046021
1496;-1.159988;0.922363;0.219742
1497;-1.019394;0.682816;0.243790
1498;-0.801132;0.556259;0.117050
1499;-0.782913;0.364929;0.005234
1500;-0.920227;0.313751;-0.070343
1501;-1.090286;0.312592;-0.111374
1502;-1.300720;0.350006;-0.134842
1503;-1.507477;0.429077;-0.178513
1504;-1.513794;0.259689;-0.178207
1505;-1.671707;0.315521;-0.191360
1506;-1.147522;-0.112305;-0.230316
1507;-1.465866;0.311172;-0.107498
1508;-1.469574;0.522247;-0.119003
1509;-1.294220;0.508774;-0.164032
1510;-1.185074;0.541901;-0.118866
1511;-1.121872;0.577576;-0.079559
1512;-1.090714;0.625504;-0.075989
1513;-1.047455;0.663559;-0.040253
1514;-0.993469;0.662720;-0.027374
1515;-0.696579;0.637939;-0.120667
1516;-0.833557;0.740448;-0.087494
1517;-0.808182;0.552261;-0.123657
1518;-1.043121;0.733826;0.036026
1519;-0.962875;0.513214;0.024765
1520;-0.807755;0.389862;0.004822
1521;-0.859192;0.383896;-0.014999
1522;-0.995728;0.430481;-0.042908
1523;-1.260193;0.520416;-0.060303
1524;-1.449753;0.490479;-0.056229
1525;-1.676559;0.465744;-0.087494
1526;-1.585220;0.326614;-0.212448
1527;-1.456055;0.254150;-0.186539
1528;-1.280029;0.120132;-0.077499
1529;-1.361252;0.360733;-0.012253
1530;-1.318909;0.468063;-0.070587
1531;-1.161819;0.448059;-0.099030
1532;-1.082153;0.475433;-0.048111
1533;-1.065857;0.578476;-0.044281
1534;-1.045395;0.703491;-0.081543
1535;-0.926086;0.690750;-0.079941
1536;-0.875549;0.668060;-0.073380
1537;-0.809402;0.647079;-0.112167
1538;-0.947754;0.706039;-0.074875
1539;-0.833252;0.531540;-0.122543
1540;-1.123611;0.874115;0.006454
1541;-0.968140;0.657059;0.066055
1542;-0.833771;0.500031;0.102005
1543;-0.777573;0.384064;0.023941
1544;-1.030075;0.474091;0.037979
1545;-1.319275;0.568222;0.060883
1546;-1.657257;0.528641;0.051331
1547;-1.854736;0.414017;-0.032822
1548;-1.592987;0.132736;-0.177475
1549;-1.359436;0.148376;-0.079819
1550;-1.257050;0.144806;-0.026428
1551;-1.413361;0.458237;-0.062653
1552;-1.448257;0.624283;-0.118439
1553;-1.336182;0.615875;-0.110672
1554;-1.234055;0.637375;-0.085327
1555;-1.121414;0.641388;-0.073761
1556;-1.108994;0.691422;-0.063538
1557;-1.101440;0.775024;-0.014908
1558;-0.906006;0.793854;-0.091782
1559;-0.644836;0.866058;-0.070740
1560;-0.579254;0.903610;-0.026199
1561;-0.829681;0.775391;-0.043396
1562;-1.257233;0.868042;0.151337
1563;-1.222275;0.606262;0.124680
1564;-0.994644;0.451355;0.020309
1565;-0.911438;0.397034;0.013382
1566;-1.077515;0.510376;0.011581
1567;-1.259903;0.572617;-0.004196
1568;-1.564133;0.580200;0.046143
1569;-1.665512;0.430344;-0.013397
1570;-1.530380;0.205170;-0.078430
1571;-1.328064;0.203217;-0.047058
1572;-1.191650;0.161499;-0.023636
1573;-1.492737;0.592560;-0.006241
1574;-1.377808;0.589905;-0.150589
1575;-1.314667;0.592072;-0.086945
1576;-1.248611;0.679214;-0.040375
1577;-1.199249;0.759109;-0.036743
1578;-1.189651;0.802155;0.027924
1579;-1.054886;0.764145;0.000504
1580;-0.979706;0.767487;-0.052704
1581;-0.677963;0.802094;-0.037628
1582;-0.526154;0.721497;-0.001038
1583;-0.719116;0.591904;0.026291
1584;-1.023392;0.821686;0.174911
1585;-1.043518;0.641953;0.044907
1586;-0.963226;0.516556;-0.019043
1587;-1.050980;0.550446;0.016525
1588;-1.226242;0.598450;-0.004013
1589;-1.476486;0.635422;-0.014938
1590;-1.637848;0.563065;-0.019485
1591;-1.654526;0.433929;-0.078720
1592;-1.631805;0.333939;-0.146896
1593;-1.272461;0.082474;-0.106705
1594;-1.339035;0.286682;-0.007278
1595;-1.350983;0.548935;-0.048416
1596;-1.363571;0.621002;-0.111282
1597;-1.219177;0.585678;-0.130280
1598;-1.090179;0.622253;-0.103821
1599;-1.038803;0.678497;-0.073227
1600;-1.114487;0.809952;-0.063065
1601;-1.170776;0.888214;-0.012192
1602;-0.918320;1.030563;0.134460
1603;-0.623474;1.016846;0.083237
1604;-0.664597;0.776581;-0.100098
1605;-1.086517;0.930481;-0.058716
1606;-1.214096;0.784531;-0.076721
1607;-1.154282;0.680984;0.005844
1608;-0.885422;0.632233;0.118454
1609;-1.017914;0.623718;0.171829
1610;-1.316772;0.691086;0.109055
1611;-1.445206;0.628952;-0.014084
1612;-1.599609;0.556839;-0.101837
1613;-1.551437;0.323990;-0.243301
1614;-1.564880;0.361389;-0.354065
1615;-1.261581;0.082275;-0.324234
1616;-1.450439;0.464111;-0.156265
1617;-1.583740;0.766251;-0.106674
1618;-1.557419;0.898514;-0.123138
1619;-1.352966;0.903076;-0.184402
1620;-1.176086;0.906189;-0.176239
1621;-1.034210;0.855560;-0.136887
1622;-0.982712;0.813309;-0.059998
1623;-0.903351;0.742981;-0.039597
1624;-0.829803;0.726059;-0.000656
1625;-0.860016;0.748352;0.011841
1626;-0.815567;0.584229;-0.002899
1627;-1.146652;0.795425;0.065445
1628;-1.066818;0.797623;0.140228
1629;-0.771255;0.420197;-0.006027
1630;-0.858246;0.439041;0.152679
1631;-1.146484;0.461426;0.270523
1632;-1.439545;0.582565;0.293884
1633;-1.637054;0.529648;0.238693
1634;-1.818848;0.415588;0.146774
1635;-1.717133;0.178879;-0.017593
1636;-1.497086;0.176193;-0.107117
1637;-1.205170;0.066238;-0.043015
1638;-1.253006;0.288345;0.017075
1639;-1.338470;0.452713;-0.020294
1640;-1.279831;0.492950;-0.072571
1641;-1.231125;0.515991;-0.043671
1642;-1.276489;0.636353;-0.018005
1643;-1.271683;0.736038;-0.044479
1644;-1.217850;0.744232;-0.055893
1645;-1.076447;0.664963;-0.069473
1646;-0.925568;0.674194;-0.072403
1647;-0.864868;0.800797;-0.014084
1648;-0.551620;0.581284;-0.049637
1649;-0.966095;0.636673;0.047394
1650;-1.086899;0.626251;0.081009
1651;-0.975143;0.502426;-0.030441
1652;-0.981506;0.477600;-0.093628
1653;-1.104706;0.508331;-0.073212
1654;-1.339890;0.535522;0.011993
1655;-1.495377;0.494492;0.016647
1656;-1.586655;0.475769;-0.041595
1657;-1.528702;0.299866;-0.124832
1658;-1.645599;0.379471;-0.183777
1659;-1.231659;0.083694;-0.261429
1660;-1.314682;0.333603;-0.144257
1661;-1.274490;0.482117;-0.125717
1662;-1.329437;0.589432;-0.117706
1663;-1.258545;0.634720;-0.123032
1664;-1.226852;0.703125;-0.108963
1665;-1.138397;0.697815;-0.102890
1666;-1.075607;0.682449;-0.108475
1667;-0.985077;0.650391;-0.115036
1668;-0.977310;0.676437;-0.106247
1669;-0.826965;0.570633;-0.123795
1670;-0.857468;0.621536;-0.022858
1671;-0.667969;0.406097;-0.054199
1672;-0.933701;0.593063;0.057953
1673;-0.922775;0.504120;0.082031
1674;-1.009506;0.446121;0.009323
1675;-1.035477;0.402588;0.021866
1676;-1.208130;0.422333;0.017090
1677;-1.323776;0.423920;0.034378
1678;-1.362152;0.404022;-0.000458
1679;-1.474823;0.399307;0.021484
1680;-1.444382;0.356903;0.015472
1681;-1.514160;0.394974;0.015060
1682;-1.244675;0.129211;-0.062042
1683;-1.172470;0.193771;-0.082047
1684;-1.260040;0.413269;-0.063675
1685;-1.195770;0.447113;-0.123871
1686;-1.171341;0.461151;-0.135742
1687;-1.235931;0.506882;-0.156784
1688;-1.306335;0.634476;-0.170868
1689;-1.217438;0.574158;-0.254623
1690;-1.236099;0.354614;-0.215576
1691;-1.308167;0.214828;-0.176483
1692;-1.112442;0.182236;-0.196426
1693;-1.045914;0.012360;-0.198715
1694;-1.003311;-0.353867;-0.319199
1695;-1.314850;-0.371140;-0.552231
1696;-0.795425;0.227371;-0.342300
1697;-0.422760;-0.077332;-0.546341
1698;-0.267929;-0.016251;-0.433853
1699;-0.092087;0.001816;-0.744202
1700;-0.020462;0.078583;-0.713379
1701;-0.170425;0.099503;-0.599655
1702;-0.206558;-0.060486;-0.890320
1703;-0.174362;0.147049;-1.003250
1704;-0.149048;0.220703;-1.074234
1705;-0.138199;0.233200;-1.234177
1706;-0.026428;-0.098663;-1.430328
1707;0.038071;-0.261139;-0.962479
1708;0.087448;-0.391174;-0.824112
1709;0.017532;-0.394745;-0.740387
1710;0.091644;-0.316010;-0.705460
1711;0.111877;-0.292969;-0.748245
1712;0.059402;-0.367767;-0.733963
1713;0.055634;-0.370621;-0.786133
1714;0.052658;-0.428741;-0.818420
1715;0.066727;-0.475235;-0.832733
1716;0.031250;-0.505432;-0.887131
1717;-0.016983;-0.481979;-0.888962
1718;0.042801;-0.602493;-0.900467
