index;x;y;z
0;0.109268;-0.581665;-0.801010
1;0.089920;-0.568649;-0.816299
2;0.092194;-0.594086;-0.810654
3;0.061249;-0.603531;-0.792175
4;0.050934;-0.612198;-0.776154
5;0.049240;-0.620743;-0.759552
6;0.074707;-0.618698;-0.756668
7;0.070953;-0.607361;-0.762283
8;0.077850;-0.619873;-0.757401
9;0.071060;-0.614777;-0.762024
10;0.064682;-0.617218;-0.770050
11;0.051437;-0.620834;-0.761688
12;0.059616;-0.642288;-0.728622
13;0.046310;-0.642212;-0.757980
14;0.040741;-0.646439;-0.764359
15;0.049454;-0.646011;-0.756241
16;0.040924;-0.650726;-0.759933
17;0.001923;-0.682251;-0.630402
18;-0.019989;-0.587601;-0.533096
19;0.036438;-0.417694;-0.864487
20;0.025650;-0.403793;-0.745438
21;0.183411;-0.239944;-0.725311
22;0.328079;-0.234863;-1.067078
23;0.031021;-0.381912;-0.937836
24;-0.007355;-0.425827;-1.032654
25;-0.020203;-0.428909;-0.809402
26;-0.093811;-0.270874;-0.771851
27;-0.283936;-0.273880;-0.532913
28;-0.421021;-0.169891;-0.637283
29;-0.527634;-0.082870;-0.552841
30;-0.491165;-0.026093;-0.592819
31;-0.763107;0.075638;-0.422485
32;-0.781174;0.276398;-0.410233
33;-0.977295;0.526489;-0.441635
34;-1.015335;1.067154;-0.194702
35;-1.228149;1.416245;-0.315399
36;-1.202057;1.344421;-0.246613
37;-1.105133;1.223633;-0.172058
38;-0.951538;1.009659;-0.076767
39;-0.711807;0.832474;-0.073563
40;-0.676346;0.715195;-0.052338
41;-0.716476;0.650620;-0.079330
42;-0.765259;0.636841;-0.064194
43;-0.813721;0.653015;-0.084518
44;-0.841949;0.693161;-0.086441
45;-0.979416;0.834137;-0.097153
46;-1.092361;0.966690;-0.176102
47;-1.126877;1.030273;-0.172043
48;-1.113174;0.951508;-0.132355
49;-1.050537;1.150253;-0.023407
50;-1.022171;1.417114;-0.016129
51;-0.905746;1.347382;-0.099136
52;-0.793365;1.189117;-0.092651
53;-0.694702;1.031754;-0.037323
54;-0.564148;0.900894;-0.038361
55;-0.516083;0.878525;-0.045959
56;-0.471359;0.869080;-0.052307
57;-0.347778;0.937134;-0.046310
58;-0.335876;0.918503;-0.063309
59;-0.385254;0.948242;0.039520
60;-0.487244;0.889511;0.007156
61;-0.714737;1.123856;0.139740
62;-0.808762;1.025620;0.158524
63;-0.772186;0.921509;-0.015518
64;-0.667343;0.901154;-0.108597
65;-0.677673;0.938843;-0.041138
66;-0.697235;1.031235;-0.044250
67;-0.748077;1.150345;-0.080475
68;-0.993927;1.326660;-0.079254
69;-1.129425;1.214996;-0.184494
70;-1.301102;1.152206;-0.243820
71;-1.195221;0.821136;-0.261307
72;-1.086365;0.705475;-0.065353
73;-0.927643;0.991516;0.062683
74;-0.821518;1.083450;0.072052
75;-0.715637;1.048752;-0.094925
76;-0.660538;1.107895;-0.098694
77;-0.623428;1.155090;-0.072968
78;-0.637039;1.188492;-0.069305
79;-0.639954;1.228317;-0.037186
80;-0.638794;1.267365;-0.056732
81;-0.584473;1.239410;-0.087570
82;-0.470078;1.282196;0.068222
83;-0.212753;0.826309;0.096375
84;-0.283997;0.675003;-0.036789
85;-0.292404;0.816986;0.100266
86;-0.388947;0.749573;0.102692
87;-0.431198;0.720596;-0.043259
88;-0.441772;0.847656;-0.129517
89;-0.595459;1.063995;-0.133713
90;-0.783585;1.224091;-0.053116
91;-0.990707;1.274338;0.075562
92;-1.125961;1.371887;0.131531
93;-1.110275;1.166458;0.030304
94;-1.075607;1.203079;-0.071838
95;-1.003021;0.813034;-0.156998
96;-1.082184;0.672333;-0.142044
97;-0.874893;0.923004;-0.014908
98;-0.792892;1.019012;-0.071060
99;-0.679840;1.021561;-0.103806
100;-0.595947;1.063019;-0.080215
101;-0.595947;1.069275;-0.019943
102;-0.587784;1.030853;-0.023575
103;-0.481888;1.029739;-0.060791
104;-0.451782;1.074707;-0.063065
105;-0.430313;1.124283;-0.051315
106;-0.417953;1.202606;-0.075775
107;-0.312943;1.065491;0.055206
108;-0.286392;1.110779;0.071060
109;-0.505569;1.207062;0.179337
110;-0.547974;1.021576;0.003372
111;-0.459061;0.831116;-0.114594
112;-0.503830;0.803482;0.029770
113;-0.632416;0.828308;0.019958
114;-0.704651;1.035110;-0.031174
115;-0.975052;1.266418;-0.105316
116;-1.224335;1.391022;-0.180344
117;-1.623322;1.057205;-0.194000
118;-1.420547;0.729675;-0.281036
119;-1.014053;0.340454;-0.341690
120;-1.139679;0.632568;-0.153397
121;-1.439453;1.523529;-0.123840
122;-1.495087;2.790176;-0.120804
123;-1.126587;3.052551;-0.231705
124;-0.042053;2.146011;-0.316605
125;0.660309;1.238037;-0.019730
126;0.963150;1.137421;0.121201
127;0.984650;1.206467;-0.075836
128;0.589767;1.032883;-0.041275
129;-0.013596;1.570587;0.294922
130;-2.242188;2.240967;0.766907
131;-3.741592;1.486420;0.446640
132;-2.619492;-0.066925;-0.469604
133;-1.081818;-1.539749;-0.604324
134;-1.022034;-2.319122;-1.186462
135;-1.546600;-1.746964;-0.689667
136;-1.744034;-0.782501;-0.464813
137;-3.467697;0.197464;-0.179993
138;-3.712677;1.188156;-0.465347
139;-2.515259;1.535141;-0.144302
140;-0.281876;1.826324;-0.218109
141;0.382004;1.967850;0.469620
142;0.469910;1.816040;0.303253
143;-0.284988;1.504089;0.165039
144;-1.645706;1.309189;0.406860
145;-4.319000;0.554871;0.262863
146;-3.587631;-0.822006;-0.214767
147;-0.909348;-1.605606;-0.389008
148;-0.499054;-1.885254;-1.010956
149;-0.437469;-1.608185;-0.881897
150;-0.924072;-1.080673;-0.495697
151;-1.897110;-0.783478;-0.282272
152;-3.735825;-0.431213;-0.135086
153;-3.608734;0.465378;-0.229004
154;-1.179993;1.275757;-0.073761
155;0.067886;1.554291;0.065628
156;0.198120;1.529114;0.401794
157;0.015060;1.228485;0.267105
158;-0.738724;0.901505;0.237106
159;-2.129761;0.169083;0.165054
160;-4.748306;-0.755524;-0.433365
161;-2.302826;-1.360367;-0.486206
162;-0.131699;-1.439987;-0.442322
163;0.181198;-1.485672;-0.561401
164;0.452835;-1.169510;-0.389618
165;-0.378036;-1.001816;-0.342087
166;-1.644897;-1.152130;-0.472961
167;-3.495529;-1.225830;-0.436127
168;-3.054169;-0.129211;-0.460449
169;-1.116348;0.997284;-0.155930
170;0.006134;1.607941;-0.011017
171;0.130432;1.683228;0.466537
172;-0.280685;1.263885;0.360397
173;-1.032074;1.111145;0.413361
174;-3.615799;-0.057907;0.363373
175;-3.912582;-1.110168;-0.643127
176;-1.549622;-1.199158;-0.269211
177;0.149399;-1.429123;-0.716385
178;0.246292;-1.673630;-0.895065
179;0.297272;-1.491470;-1.093872
180;-1.465622;-1.198029;-0.764679
181;-3.455521;-1.502502;-0.579605
182;-4.213104;-0.691391;-0.357635
183;-2.215622;0.662445;-0.225204
184;-0.458008;1.708160;-0.140671
185;-0.054443;1.905853;0.363602
186;-0.176666;1.472794;0.440857
187;-0.825989;1.142944;0.336807
188;-2.632156;-0.160980;0.029709
189;-4.273514;-1.502853;-0.554794
190;-1.825058;-1.720551;0.211823
191;0.061615;-1.591431;-0.463058
192;0.501862;-1.569550;-0.604935
193;0.631851;-1.148148;-0.394485
194;-0.685776;-1.240372;-0.322586
195;-2.429459;-1.765198;-0.506073
196;-3.967499;-1.337006;-0.432251
197;-2.416214;0.019363;-0.214462
198;-0.775436;1.062241;-0.144455
199;-0.030365;1.635330;0.201309
200;-0.033127;1.588379;0.574783
201;-0.362701;1.185867;0.281342
202;-1.276779;0.821640;0.199326
203;-3.626984;-0.875137;-0.147232
204;-3.968872;-1.974350;-0.726242
205;-1.184250;-1.382950;-0.070068
206;0.173080;-1.202866;-0.419540
207;0.350510;-1.210693;-0.338089
208;0.710617;-1.083618;-0.166489
209;-0.381622;-1.015930;-0.345566
210;-1.506470;-1.415314;-0.428360
211;-3.983353;-1.581482;-0.538956
212;-2.876816;-0.556824;-0.170288
213;-1.320633;0.370544;-0.101944
214;-0.103302;0.745377;-0.011688
215;0.237183;1.082504;0.177719
216;0.041595;1.347687;0.088028
217;-0.081528;1.211884;-0.014984
218;-0.797821;1.822815;0.091309
219;-3.219864;2.945984;-0.230820
220;-2.943436;2.712402;-0.438507
221;-2.804184;2.672562;-0.393280
222;-1.988281;1.898193;-0.536179
223;-1.742386;1.161362;-0.524368
224;-1.444092;0.588898;-0.159760
225;-1.318451;0.387192;-0.155762
226;-1.100372;0.248108;-0.222382
227;-1.191833;0.134766;-0.285583
228;-1.357101;0.313538;-0.378448
229;-1.603867;0.854904;-0.447433
230;-1.779495;1.987915;-0.358948
231;-1.748489;2.837997;-0.136536
232;-1.386002;2.748550;-0.171463
233;-0.969818;2.145432;0.084961
234;-0.774933;1.696930;0.096680
235;-0.545685;1.199432;0.196350
236;-0.446594;0.989182;0.236099
237;-0.356445;0.904144;0.176727
238;-0.249390;0.803253;0.157822
239;-0.136292;0.725021;0.089905
240;-0.203522;0.908676;0.031769
241;-0.451950;1.146561;0.047195
242;-0.744675;1.589218;0.145523
243;-1.039658;1.887222;0.095093
244;-1.166199;1.896744;-0.066010
245;-1.163345;1.749847;-0.158737
246;-1.296722;1.514557;-0.286438
247;-1.350861;1.357483;-0.126648
248;-1.346497;1.232178;-0.085999
249;-1.281479;1.077576;-0.087814
250;-1.271164;0.838455;-0.284439
251;-1.151886;0.708176;-0.350723
252;-1.106552;0.460800;-0.341476
253;-1.272415;0.637009;-0.168579
254;-1.351883;1.034225;-0.190735
255;-1.379471;1.578201;-0.143326
256;-1.145233;1.777039;-0.182526
257;-0.967484;1.771515;-0.099823
258;-0.869049;1.623230;0.264420
259;-0.772964;1.504654;0.077560
260;-0.709991;1.335556;0.064941
261;-0.609100;1.320648;0.039795
262;-0.423721;1.142349;0.026459
263;-0.294327;0.938873;0.017654
264;-0.245346;0.786804;0.014053
265;-0.367615;0.921494;0.059128
266;-0.530380;0.931198;0.106491
267;-0.557587;0.866440;0.078979
268;-0.548553;0.869690;0.057343
269;-0.641403;1.045883;-0.008057
270;-0.788254;1.325302;-0.186646
271;-0.998825;1.500671;-0.165741
272;-1.257278;1.760620;-0.138412
273;-1.317413;1.483688;-0.037247
274;-1.275452;1.285828;0.006882
275;-1.072922;0.778671;-0.048935
276;-1.115829;0.650970;-0.122040
277;-1.007889;0.688141;0.032623
278;-0.915802;0.929749;-0.035919
279;-0.741226;1.026413;-0.202271
280;-0.619339;1.070572;-0.241058
281;-0.635300;1.130264;-0.069290
282;-0.734558;1.152100;0.059814
283;-0.665466;1.298309;-0.031342
284;-0.616776;1.293030;-0.021332
285;-0.593628;1.261169;0.005844
286;-0.543839;1.231796;-0.015289
287;-0.314941;1.057251;0.067688
288;-0.213470;1.089005;0.143738
289;-0.469238;1.155396;0.219879
290;-0.559235;0.950668;0.084045
291;-0.421127;0.759323;-0.034073
292;-0.383301;0.663208;0.012878
293;-0.419693;0.705856;-0.023880
294;-0.636215;0.972534;-0.115067
295;-0.870468;1.240448;0.078217
296;-1.030594;1.438690;0.016464
297;-1.381744;1.477890;0.089035
298;-1.625198;1.239059;-0.054810
299;-1.602112;0.786880;-0.593292
300;-1.260712;0.370377;-0.303055
301;-1.577011;0.232880;-0.158051
302;-1.805801;0.835693;-0.452591
303;-2.604538;2.425903;-0.778214
304;-2.159256;3.357880;-0.670090
305;-1.001465;3.359848;-1.175064
306;1.269470;2.875900;-0.852570
307;1.913635;2.061554;-0.642899
308;1.720978;1.782257;0.063339
309;0.186615;1.881058;0.416031
310;-1.659561;2.788239;0.650940
311;-4.716644;2.545319;-0.121368
312;-2.730530;-0.366623;-0.539307
313;-0.692825;-2.633621;-0.770187
314;-0.777710;-2.424133;-1.205673
315;-1.301559;-1.095673;-1.028717
316;-2.482422;-0.325348;-0.648834
317;-4.754349;0.521500;-0.717468
318;-4.502167;2.122910;-0.357971
319;-1.904434;1.936279;0.171783
320;0.179626;2.277359;-0.249695
321;0.601395;2.322464;0.554520
322;0.132477;1.834244;0.176773
323;-0.615997;1.462311;0.241226
324;-2.872330;1.283264;0.176682
325;-5.737747;-0.753723;-0.330017
326;-2.488724;-2.002319;-0.236084
327;-0.040649;-2.197525;-0.831238
328;0.460312;-2.202179;-1.015045
329;-0.061127;-1.616714;-1.116928
330;-1.827805;-1.461685;-0.134933
331;-4.423370;-1.584152;-0.712051
332;-4.140411;0.041763;-0.311203
333;-1.469208;1.383255;0.053085
334;-0.187714;2.353561;-0.289459
335;0.259064;2.456818;0.576828
336;-0.714813;1.889542;0.198715
337;-1.769394;1.293259;0.275452
338;-6.093887;-0.414047;-0.035645
339;-2.649506;-1.556381;-0.864426
340;-0.779816;-1.970093;-0.891678
341;0.468292;-1.902023;-1.284943
342;0.440048;-1.618484;-0.965790
343;-0.491165;-1.210999;-0.054672
344;-2.727829;-0.462982;-0.057175
345;-4.221420;-0.068481;-0.147705
346;-1.697144;0.620026;-0.067673
347;-0.428452;0.911606;0.159912
348;0.595291;1.943192;0.272324
349;1.187180;2.639130;0.297333
350;-0.411392;2.255508;-0.625015
351;-2.635803;2.887085;-0.178497
352;-3.790176;2.713943;-0.521912
353;-2.315903;1.725296;-0.166428
354;-2.391953;0.348160;0.106369
355;-1.177414;-0.633347;-0.511230
356;-1.260834;-1.062347;-0.461014
357;-1.437454;-0.593765;0.258316
358;-1.381439;1.024017;-0.252869
359;-1.778763;2.220749;0.060242
360;0.023010;2.185623;-0.069672
361;-0.474884;1.887314;0.798828
362;-0.113510;1.422653;0.555542
363;0.134079;1.289627;0.334503
364;0.315643;1.000977;-0.284256
365;-0.108612;0.793381;0.113510
366;-0.534943;0.726257;0.067322
367;-0.691116;0.911224;-0.022537
368;-0.647797;0.921387;-0.141739
369;-0.641647;0.649338;-0.140823
370;-0.675980;0.628326;-0.003067
371;-0.744232;0.641006;0.025497
372;-0.796890;0.748062;-0.065353
373;-0.739578;0.726135;-0.084381
374;-0.698639;0.717758;-0.006714
375;-0.669891;0.721802;0.034500
376;-0.663651;0.694977;0.078445
377;-0.702377;0.744385;-0.041931
378;-0.718277;0.693726;-0.051178
379;-0.699463;0.689270;-0.089325
380;-0.669891;0.666153;-0.032928
381;-0.674606;0.701126;-0.055801
382;-0.708313;0.768814;-0.063202
383;-0.629105;1.067902;-0.075943
384;-0.274551;1.295547;0.108948
385;-0.007446;1.054031;-0.006149
386;-0.435516;1.079758;0.035522
387;-0.621170;1.057205;0.067947
388;-0.632812;0.824448;0.069183
389;-0.752106;0.733994;0.003708
390;-0.857254;0.775803;-0.099152
391;-0.977005;0.863846;-0.167862
392;-1.089767;0.895706;-0.276688
393;-1.190033;0.926529;-0.504715
394;-1.169144;0.744247;-0.365051
395;-1.096893;0.833389;0.063431
396;-1.130966;1.201797;-0.021835
397;-1.218628;1.442673;-0.115372
398;-1.058014;1.407425;-0.171494
399;-0.758209;1.334259;-0.220184
400;-0.545670;1.184341;-0.110474
401;-0.477219;1.055771;-0.026077
402;-0.457291;1.078339;-0.079224
403;-0.418839;1.150238;-0.090561
404;-0.434784;1.114777;-0.058868
405;-0.412216;0.947327;-0.007080
406;-0.476883;1.030441;-0.012650
407;-0.532059;1.036194;0.087311
408;-0.486420;0.932632;-0.006912
409;-0.436813;0.799149;-0.058197
410;-0.463531;0.821671;-0.123077
411;-0.598969;0.985443;-0.058777
412;-0.796127;1.159210;0.002289
413;-1.085114;1.423279;0.101044
414;-1.272812;1.486832;0.010605
415;-1.345490;1.287842;-0.178040
416;-1.087891;0.981796;-0.228104
417;-1.087173;0.713654;-0.174515
418;-0.970093;0.869064;-0.086563
419;-0.886047;1.056580;-0.144775
420;-0.758942;1.007614;-0.219330
421;-0.642639;0.962296;-0.204834
422;-0.608002;1.008743;-0.121979
423;-0.635971;1.098328;-0.010452
424;-0.581833;1.173401;0.001785
425;-0.554031;1.299896;-0.088348
426;-0.451904;1.395859;-0.102936
427;-0.354568;1.319611;-0.055801
428;-0.120102;1.055618;0.070648
429;-0.274231;1.179504;0.159195
430;-0.358566;1.004959;0.183578
431;-0.291580;0.698944;0.214523
432;-0.357986;0.651627;0.177307
433;-0.550858;0.780685;0.082855
434;-0.696106;0.994614;0.003189
435;-0.755417;1.176376;-0.049118
436;-0.959518;1.343719;-0.146332
437;-1.167236;1.290329;-0.090820
438;-1.178345;1.232895;-0.236984
439;-0.972763;0.986801;-0.276764
440;-0.930206;0.722702;-0.093246
441;-0.793762;0.830383;-0.031769
442;-0.831207;0.905472;-0.077179
443;-0.803116;0.907852;-0.210983
444;-0.712936;0.956406;-0.190582
445;-0.684067;1.053406;-0.079437
446;-0.644073;1.164368;-0.037048
447;-0.529541;1.130966;-0.059540
448;-0.487320;1.069809;-0.105713
449;-0.388016;1.123535;-0.056961
450;-0.424225;1.144714;-0.054947
451;-0.430939;0.967407;0.034927
452;-0.433395;0.999359;0.101730
453;-0.434540;0.997543;0.178772
454;-0.342285;0.794525;0.151642
455;-0.371857;0.692856;-0.066727
456;-0.423325;0.774277;-0.046661
457;-0.559235;0.918503;-0.045044
458;-0.779190;1.170715;-0.066116
459;-0.971451;1.330597;-0.090103
460;-1.303635;1.324448;-0.259476
461;-1.309586;1.051208;-0.530075
462;-1.225998;0.417953;-0.015442
463;-1.603394;0.297043;0.864456
464;-1.622009;0.815155;0.637527
465;-1.709915;2.136627;-0.133575
466;-1.612457;3.454163;-0.537735
467;-0.885193;3.147629;-0.805908
468;0.537949;2.206879;-0.737289
469;1.752243;1.121521;-0.143890
470;1.652542;1.012253;-0.053329
471;0.569168;0.861053;0.080292
472;-0.599930;0.987503;0.072495
473;-2.165710;1.414444;-0.069595
474;-3.610840;0.284134;-0.354218
475;-1.716522;-0.752899;-0.394409
476;-0.072342;-1.416534;-0.310822
477;-0.001312;-1.411163;-0.456985
478;0.157379;-1.141876;-0.272125
479;-0.940414;-0.966522;-0.443161
480;-2.152985;-1.288467;-0.668182
481;-3.500031;-1.214386;-0.642578
482;-2.850540;0.117050;-0.683716
483;-0.887543;1.450562;-0.304871
484;-0.060181;2.239746;0.165344
485;-0.034882;1.807831;0.473999
486;-0.808884;1.356216;0.143753
487;-1.986328;0.273773;0.145767
488;-4.706207;-1.513748;-0.276062
489;-2.372025;-1.907486;-0.043808
490;-0.216812;-1.490021;-0.433792
491;0.353073;-1.467911;-0.506363
492;0.493103;-1.027374;-0.506622
493;-0.381821;-0.911331;-0.426712
494;-1.980728;-1.531738;-0.668976
495;-3.784119;-1.601562;-0.484329
496;-2.513565;0.086960;-0.171234
497;-0.502274;1.357254;-0.228760
498;-0.114548;1.651611;0.408737
499;-0.052795;1.320938;0.417374
500;-0.836594;0.873840;0.227921
501;-2.209915;-0.309509;0.083374
502;-3.915115;-1.593643;-0.581223
503;-1.892242;-1.716995;0.133255
504;-0.015579;-1.431107;-0.389725
505;0.568405;-1.276688;-0.615723
506;0.596817;-0.989594;-0.329758
507;-0.234070;-0.991211;-0.129532
508;-2.938354;-2.018570;-0.700989
509;-3.381256;-1.453613;-0.351944
510;-1.314194;-0.030258;-0.069244
511;-0.129059;0.561707;0.092316
512;0.400711;1.034210;0.581268
513;0.282379;1.067215;0.523239
514;0.144730;1.311569;0.109421
515;-0.753357;2.302002;-0.244400
516;-2.454041;4.167984;-0.597992
517;-2.939026;3.788742;-1.028030
518;-2.715164;3.097931;-0.526474
519;-2.064484;2.210403;-0.230515
520;-1.639420;1.425339;-0.395477
521;-1.382782;0.763367;-0.377823
522;-1.331207;0.367325;-0.301239
523;-1.353104;0.193863;-0.465164
524;-1.345490;0.109360;-0.579468
525;-1.384705;0.521957;-0.893753
526;-1.994461;1.560242;-1.073517
527;-1.920715;2.805252;-0.499802
528;-1.881424;3.594543;-0.122162
529;-1.329300;3.285751;0.062393
530;-1.036835;2.687759;0.013290
531;-0.626465;1.893616;0.076355
532;-0.283997;1.315643;0.152328
533;-0.139725;0.896744;-0.013565
534;-0.054459;0.634354;0.049469
535;0.133575;0.566864;0.126526
536;0.228226;0.650238;0.084000
537;0.053650;0.960236;-0.022903
538;-0.414444;1.364090;0.041016
539;-0.974716;1.936981;0.205811
540;-1.480469;2.274399;0.125565
541;-1.574173;2.173157;-0.011703
542;-1.427887;1.811462;-0.236328
543;-1.348236;1.535873;-0.240326
544;-1.164444;1.351883;-0.165375
545;-1.016144;1.229614;-0.084305
546;-1.000397;1.181595;-0.180206
547;-1.027832;1.132935;-0.384338
548;-1.087555;0.933640;-0.650223
549;-1.215790;0.859634;-0.742798
550;-1.187775;1.053589;-0.342651
551;-1.141052;1.532318;-0.101379
552;-1.189056;1.947556;-0.009827
553;-0.937912;1.977142;-0.083969
554;-0.769363;1.754883;-0.135269
555;-0.690720;1.518753;-0.094559
556;-0.609024;1.329147;-0.071320
557;-0.471710;1.169312;-0.048752
558;-0.469742;1.109741;-0.049561
559;-0.341370;0.981522;-0.055206
560;-0.286469;1.044510;-0.001022
561;-0.132263;0.900391;0.005203
562;-0.271042;1.025482;-0.013367
563;-0.492477;1.127747;0.085495
564;-0.653900;1.127548;0.134415
565;-0.693481;1.259354;0.007828
566;-0.809845;1.461838;-0.039612
567;-0.973557;1.539536;-0.090164
568;-1.036179;1.603104;-0.189804
569;-1.043976;1.504929;-0.203857
570;-1.050690;1.447311;-0.199600
571;-0.966385;1.311951;-0.283707
572;-0.943756;1.023819;-0.476776
573;-1.268967;0.587158;-0.489502
574;-1.081467;0.798981;-0.200195
575;-0.914062;1.125565;-0.036285
576;-0.865891;1.303848;-0.095581
577;-0.773285;1.397736;-0.124130
578;-0.686539;1.478470;-0.216095
579;-0.647446;1.397659;-0.171570
580;-0.680206;1.326416;-0.072556
581;-0.685928;1.278641;-0.008011
582;-0.605835;1.207047;-0.009705
583;-0.508255;1.167145;-0.095642
584;-0.206924;1.096146;0.020477
585;0.067383;1.037949;0.175125
586;-0.210144;1.139648;0.151352
587;-0.378540;1.092484;0.153519
588;-0.434845;0.996964;0.056442
589;-0.562363;1.021667;-0.029877
590;-0.777939;1.149673;0.079803
591;-0.956146;1.337204;0.052322
592;-1.245895;1.600479;-0.041138
593;-1.652588;1.560577;-0.254532
594;-2.002121;0.938019;-0.228348
595;-1.932755;0.568314;-0.439987
596;-1.723236;0.073883;-0.335800
597;-1.538940;-0.000580;-0.086212
598;-2.099670;0.888657;0.004288
599;-2.595703;2.581329;-0.234604
600;-2.101456;3.105103;-0.489944
601;-1.187073;2.657516;-0.395004
602;0.513519;2.203537;-0.216095
603;1.133835;1.931442;0.217590
604;1.404709;1.691711;0.393372
605;0.321854;1.298187;0.072968
606;-1.296326;1.547394;0.459808
607;-3.849014;1.086609;0.251007
608;-3.726608;-0.202850;-0.523422
609;-1.260223;-1.532227;-0.328888
610;-0.400772;-1.708405;-0.806320
611;-0.294403;-1.420334;-0.708466
612;-0.972839;-1.014160;-0.708862
613;-2.368546;-0.713913;-0.619171
614;-3.642105;-0.079025;-0.801880
615;-2.890762;0.992035;-0.711319
616;-0.669388;1.490662;-0.056946
617;0.272705;1.580963;0.094727
618;0.180145;1.320084;0.410217
619;-0.006210;0.992599;0.355453
620;-1.692368;1.036469;0.421127
621;-3.953033;0.069061;-0.158188
622;-3.510773;-0.764389;-0.176941
623;-0.765076;-1.122299;-0.168427
624;-0.005875;-1.700867;-0.914078
625;0.430054;-1.652008;-1.029205
626;-0.531631;-1.310974;-1.105621
627;-1.891983;-1.046661;-0.647873
628;-3.535095;-0.859253;-0.121735
629;-3.095230;0.038025;-0.047928
630;-1.148849;1.216095;0.010864
631;0.121353;1.606232;-0.067871
632;0.221619;1.470978;0.504395
633;-0.213867;1.145340;0.328720
634;-0.891388;1.029800;0.338455
635;-4.324341;-0.393524;-0.133469
636;-3.829269;-1.525024;-0.431091
637;-0.875076;-1.244965;0.021393
638;0.057388;-1.272675;-0.728470
639;0.579544;-1.232529;-0.547943
640;0.476151;-1.022568;-0.317902
641;-0.301270;-0.985260;-0.237915
642;-2.268478;-1.827194;-0.344589
643;-4.101654;-1.367340;-0.409454
644;-2.241608;0.076172;-0.233459
645;-0.548370;1.233063;-0.410339
646;-0.107315;1.486786;0.319977
647;-0.052948;1.280319;0.513397
648;-0.374664;0.995346;0.145905
649;-1.491058;0.354034;-0.014771
650;-4.389984;-1.203003;-0.409164
651;-2.363510;-1.491028;-0.010468
652;-0.470688;-1.010727;-0.288254
653;0.245010;-1.009430;-0.448547
654;0.383194;-0.911743;-0.292419
655;0.341644;-0.775482;-0.079498
656;-0.564896;-1.117447;-0.080154
657;-3.924118;-1.795593;-0.515274
658;-3.190887;-0.692673;-0.849884
659;-1.154388;0.305573;-0.843719
660;-0.104858;0.906906;0.306580
661;0.384872;0.923737;0.719711
662;0.097214;1.250153;-0.007797
663;-0.026825;1.165680;-0.038788
664;-0.829086;1.395493;0.104645
665;-1.787552;1.899368;-0.060944
666;-2.834213;2.250229;-0.200302
667;-2.670868;2.031876;-0.138901
668;-1.863617;1.587097;-0.092453
669;-1.881317;1.255829;-0.278137
670;-1.449417;0.727966;-0.257217
671;-1.524948;0.432755;-0.268509
672;-1.434341;0.238403;-0.172272
673;-1.195358;0.286362;-0.400391
674;-1.247147;0.685349;-0.547165
675;-1.501068;1.228714;-0.598648
676;-1.505035;2.076263;-0.536209
677;-1.437424;2.335693;-0.339523
678;-1.309723;2.459976;-0.125320
679;-1.061081;2.088120;-0.045639
680;-0.873886;1.872803;-0.157578
681;-0.583908;1.453903;-0.132889
682;-0.300949;1.091019;-0.018448
683;-0.113861;0.787323;0.091431
684;-0.058502;0.590042;0.085205
685;0.044464;0.503174;0.015839
686;-0.044693;0.721970;-0.058487
687;-0.246460;1.088684;0.072601
688;-0.793365;1.642975;0.106003
689;-1.178482;2.249237;0.123520
690;-1.471649;2.332123;-0.040436
691;-1.465637;2.115295;-0.268036
692;-1.443390;1.709747;-0.269516
693;-1.292847;1.287918;-0.137039
694;-1.043777;1.141617;-0.001022
695;-0.948471;1.009079;-0.011917
696;-1.054749;0.944962;-0.206009
697;-1.118973;0.784164;-0.389740
698;-1.112289;0.838242;-0.486786
699;-1.214508;0.957642;-0.255264
700;-1.336502;1.547165;0.000946
701;-1.300293;2.084763;0.004959
702;-1.214752;2.315506;0.014114
703;-0.865616;2.132248;-0.008957
704;-0.727829;1.775421;-0.002029
705;-0.463791;1.263596;0.024536
706;-0.255585;0.940811;-0.007248
707;-0.188217;0.755783;0.001617
708;-0.200714;0.772690;0.028503
709;-0.146790;0.747055;-0.000229
710;-0.194687;0.917435;0.023041
711;-0.391846;1.071106;-0.010574
712;-0.698380;1.416855;0.059021
713;-0.990494;1.596909;0.199646
714;-1.051193;1.520706;0.126266
715;-1.036423;1.467560;-0.055542
716;-1.069092;1.384689;-0.130966
717;-1.000198;1.331985;-0.189240
718;-0.939896;1.233444;-0.172134
719;-0.974762;1.065079;-0.105377
720;-1.057068;0.896011;-0.069031
721;-1.101639;0.921432;-0.223511
722;-1.146454;0.785278;-0.336044
723;-1.182175;1.067108;-0.147583
724;-1.090286;1.423294;-0.009933
725;-0.932648;1.582718;0.009933
726;-0.770569;1.559158;-0.043320
727;-0.705078;1.453949;-0.010376
728;-0.658035;1.331833;-0.030579
729;-0.503067;1.152267;-0.074646
730;-0.431519;0.974228;-0.088882
731;-0.390289;0.867859;-0.078049
732;-0.363358;0.940720;-0.055740
733;-0.303436;0.986832;-0.033325
734;-0.308624;0.984314;0.069397
735;-0.471771;0.908005;0.016006
736;-0.651276;1.075974;0.161713
737;-0.747223;1.093857;0.200928
738;-0.698303;1.124344;0.048889
739;-0.719757;1.160889;-0.038559
740;-0.834290;1.227448;-0.067337
741;-0.979233;1.249680;-0.182816
742;-0.993820;1.123718;-0.129837
743;-1.080322;1.099472;-0.081894
744;-1.043457;1.092072;-0.088898
745;-1.009277;1.179184;-0.149155
746;-0.967926;0.907730;-0.263779
747;-1.032333;0.734161;-0.238953
748;-0.951797;0.977173;-0.120590
749;-0.939865;1.242935;-0.065491
750;-0.850647;1.323547;-0.095108
751;-0.747177;1.354736;-0.110229
752;-0.643692;1.250549;-0.118362
753;-0.557709;1.148209;-0.114990
754;-0.476364;1.062943;-0.065613
755;-0.495026;1.025284;-0.060760
756;-0.461227;1.065872;-0.066147
757;-0.372345;0.988190;-0.087143
758;-0.362656;0.948090;0.005478
759;-0.400589;0.935425;0.009750
760;-0.562592;1.046387;0.043930
761;-0.635300;0.947784;0.109756
762;-0.551941;0.883713;0.043488
763;-0.615585;0.985367;-0.005020
764;-0.772888;1.149323;0.046951
765;-1.022949;1.512802;0.013046
766;-1.143021;1.661484;-0.197845
767;-1.244690;1.538879;-0.256516
768;-1.665710;0.961014;-0.472351
769;-1.639374;0.063049;-0.305161
770;-1.693039;0.026382;-0.511795
771;-1.875305;0.866241;-0.314850
772;-2.272568;2.601913;-0.360901
773;-2.180389;3.803299;-0.536026
774;-1.066910;3.266769;-0.528244
775;0.355392;2.480164;-0.433670
776;1.324387;1.968231;0.015778
777;1.352875;1.655884;0.033722
778;0.125214;1.213882;0.224319
779;-1.505402;1.240799;0.639496
780;-3.598251;0.406525;0.199936
781;-2.860352;-1.054855;-0.530533
782;-0.571167;-1.588150;0.076401
783;0.325684;-1.622452;-0.504196
784;0.757645;-1.391129;-0.373581
785;-0.061340;-1.046570;-0.215820
786;-1.525452;-1.342941;-0.497559
787;-3.668350;-1.859161;-0.561203
788;-3.111801;-0.513290;-0.206161
789;-1.141006;1.026321;-0.324463
790;-0.113266;1.585007;-0.305191
791;-0.263885;1.465851;0.475998
792;-0.717926;1.094345;0.228531
793;-1.599655;0.350021;0.053299
794;-4.044266;-1.730835;-0.450470
795;-2.491135;-2.554642;-0.096878
796;-0.135269;-1.765488;-0.179306
797;0.928925;-1.272018;-0.326859
798;0.961792;-0.840576;-0.025345
799;0.077423;-0.697510;0.060852
800;-1.661041;-2.258987;-0.755447
801;-3.765991;-2.011490;-0.670135
802;-1.618210;0.081406;-0.332062
803;-0.081375;1.219803;-0.572540
804;-0.283646;1.464386;0.335571
805;-0.648758;1.112503;0.437576
806;-1.055695;0.520294;-0.053085
807;-4.284393;-1.664291;-0.565430
808;-2.515228;-2.145477;-0.539963
809;0.405701;-1.269699;-0.454636
810;1.279922;-1.093582;-0.544952
811;1.186172;-0.822815;-0.021149
812;-0.053635;-1.126266;-0.244598
813;-2.557144;-2.584488;-0.905243
814;-3.623718;-2.002716;-0.382706
815;-1.882690;-0.179398;-0.410187
816;-0.283463;1.036240;-0.434311
817;-0.103500;1.529831;0.035690
818;-0.291138;1.287903;0.297226
819;-0.751297;0.693558;0.064667
820;-2.712784;-0.970459;-0.520859
821;-3.503357;-2.389053;-0.599075
822;-1.118439;-1.640686;0.094345
823;0.335480;-1.095795;-0.443604
824;0.936844;-0.944519;-0.111008
825;0.821609;-0.763367;-0.075928
826;-0.225876;-1.280090;-0.200653
827;-2.239655;-2.485825;-0.612411
828;-3.344620;-1.942734;-0.185944
829;-1.377365;-0.117310;-0.228149
830;-0.286118;0.985733;-0.489258
831;-0.381195;1.424698;0.047379
832;-0.382843;1.101288;0.421829
833;-0.847366;0.364197;0.010696
834;-3.449234;-1.541565;-0.860840
835;-2.879913;-2.366730;0.101349
836;-0.458633;-1.508606;-0.168884
837;0.672409;-1.241196;-0.425964
838;0.830231;-0.994339;0.092194
839;0.468765;-0.767380;-0.142960
840;-0.809540;-1.736252;-0.770432
841;-3.651840;-2.346298;-0.279541
842;-2.250610;-0.606155;-0.503952
843;-0.218399;0.829346;-0.338440
844;0.091171;1.213394;-0.029861
845;-0.312454;1.039963;0.254166
846;-0.722260;0.558472;0.370239
847;-1.622162;-0.732559;-0.427826
848;-3.348969;-2.022736;-0.993881
849;-1.172409;-1.025223;-1.054184
850;-0.220016;-0.553207;-0.461594
851;0.006470;-0.380432;-0.013229
852;0.459839;-0.306320;-0.647186
853;0.879578;-0.493057;-0.700882
854;1.071655;-0.769333;-1.527618
855;-0.817139;-0.589859;-2.654282
856;-0.551224;0.115479;-1.801468
857;-0.627823;0.247772;-1.262299
858;-0.426147;0.078278;-0.930176
859;-0.262054;-0.014618;-0.919632
860;-0.108154;-0.217010;-0.761414
861;0.011383;-0.373398;-1.002930
862;0.137817;-0.654175;-0.967178
863;0.104446;-0.641800;-0.802429
864;-0.071274;-0.421402;-1.042618
865;0.068756;-0.445389;-0.656418
866;0.077179;-0.502548;-0.469482
867;0.057343;-0.482635;-0.640274
868;0.049011;-0.518738;-0.670883
869;0.174210;-0.643906;-0.696915
870;-0.124496;-0.582916;-0.783234
871;0.038025;-0.663086;-0.740402
872;0.036011;-0.688324;-0.638260
873;-0.069717;-0.706436;-0.627304
874;-0.017136;-0.611237;-0.824692
875;0.002884;-0.635651;-0.801193
876;-0.028976;-0.637909;-0.781311
877;0.075989;-0.674423;-0.701904
878;0.078400;-0.676239;-0.684143
879;0.108688;-0.625977;-0.779373
880;0.111496;-0.630844;-0.799942
881;0.119186;-0.648834;-0.764862
882;0.119110;-0.667755;-0.725281
883;0.148315;-0.681305;-0.748993
884;0.101120;-0.644882;-0.791351
885;0.115463;-0.642990;-0.795578
886;0.101974;-0.651001;-0.727844
887;0.095474;-0.660812;-0.722244
888;0.100800;-0.667191;-0.760956
889;0.112885;-0.675659;-0.703140
890;0.089417;-0.657028;-0.736526
891;0.133408;-0.649353;-0.722504
892;0.107422;-0.650604;-0.748459
893;0.067032;-0.658981;-0.728622
894;0.056702;-0.638718;-0.779205
895;0.084885;-0.620743;-0.820969
896;0.061325;-0.660919;-0.737305
897;0.045547;-0.643066;-0.760925
898;0.074158;-0.639053;-0.757645
899;0.061508;-0.638855;-0.746613
900;0.090652;-0.634537;-0.767990
901;0.070084;-0.631683;-0.769211
902;0.094299;-0.632141;-0.791122
903;0.090866;-0.626816;-0.756927
904;0.091858;-0.611603;-0.765335
905;0.097809;-0.624680;-0.743347
906;0.109665;-0.617325;-0.769943
907;0.085144;-0.617279;-0.808426
908;0.080612;-0.631973;-0.785172
909;0.077332;-0.626617;-0.752060
910;0.092575;-0.627716;-0.736954
911;0.197586;-0.623688;-0.659821
912;-0.066132;-0.507904;-0.733414
913;-0.001907;-0.543640;-0.815659
914;0.178223;-0.544693;-0.841568
915;0.113098;-0.348007;-1.143677
916;0.282013;-0.589172;-0.952652
917;0.141541;-0.498184;-0.812347
918;0.204361;-0.514359;-0.897263
919;0.166656;-0.475204;-0.823914
920;0.148224;-0.500732;-0.831482
921;0.190994;-0.531754;-0.840820
922;0.147003;-0.497131;-0.817444
923;0.143051;-0.474625;-0.829544
924;0.133209;-0.405182;-0.854645
925;0.140594;-0.486572;-0.935974
926;-0.003799;-0.207153;-1.021637
927;-0.099487;-0.230652;-0.981674
928;-0.039429;-0.214645;-0.994690
929;-0.060059;-0.223267;-0.966919
930;0.018143;-0.189316;-1.007645
931;-0.050690;-0.232651;-0.904724
932;0.057861;-0.241287;-1.021332
933;0.065491;-0.319336;-0.885773
