index;x;y;z
0;-0.006332;-0.619446;-0.754425
1;0.016861;-0.637619;-0.789871
2;0.010559;-0.642136;-0.763428
3;0.000580;-0.663895;-0.691452
4;-0.017365;-0.652756;-0.660416
5;0.045517;-0.566940;-0.587662
6;0.023239;-0.429092;-1.018524
7;0.133774;-0.333664;-0.773193
8;0.639191;-0.505737;-0.884445
9;0.454895;-0.348114;-1.071289
10;0.424088;-0.334610;-0.973969
11;0.294083;-0.322662;-1.033020
12;0.247101;-0.379929;-0.861572
13;0.097839;-0.453110;-0.867004
14;0.132233;-0.401779;-0.918854
15;0.118927;-0.433289;-0.842545
16;0.106308;-0.417908;-0.936951
17;0.125839;-0.380844;-0.918686
18;0.091049;-0.381042;-0.971634
19;0.084778;-0.362946;-0.934387
20;0.070023;-0.381073;-0.933289
21;0.053619;-0.389816;-0.897125
22;0.032928;-0.416397;-0.862686
23;0.066223;-0.410751;-0.862564
24;0.077393;-0.426712;-0.867950
25;0.062653;-0.415909;-0.895828
26;0.081894;-0.441315;-0.888535
27;0.059708;-0.433289;-0.888428
28;0.095627;-0.439224;-0.881958
29;0.055847;-0.408264;-0.956528
30;0.032074;-0.431946;-0.890884
31;0.001495;-0.422623;-0.940140
32;0.014145;-0.413773;-0.941589
33;0.025497;-0.407532;-0.932846
34;0.026489;-0.425583;-0.879684
35;0.043655;-0.422653;-0.894897
36;0.055725;-0.453049;-0.824295
37;0.047226;-0.425156;-0.885330
38;0.081238;-0.438843;-0.848984
39;0.042252;-0.421951;-0.911331
40;0.062424;-0.456039;-0.874222
41;0.041382;-0.454742;-0.924545
42;0.022049;-0.443253;-0.937241
43;-0.012711;-0.423218;-0.882462
44;-0.042053;-0.416000;-0.776855
45;-0.055603;-0.391434;-0.534744
46;0.011520;-0.200241;-0.345291
47;-0.090088;-0.218414;-0.690872
48;-0.159149;-0.138596;-0.453903
49;-0.190079;-0.072586;-0.903397
50;-0.001511;-0.194824;-0.753128
51;-0.042145;-0.172897;-0.286087
52;-0.275360;0.259064;-0.220001
53;-0.921082;0.694733;-0.346085
54;-1.649048;1.001801;-0.560867
55;-2.169937;0.835693;-0.352600
56;-1.980270;0.953018;-0.582748
57;-1.794693;0.687912;-0.545380
58;-1.478943;0.368332;-0.379578
59;-1.220947;0.297043;-0.252945
60;-0.978394;0.344864;-0.220978
61;-0.858383;0.421661;-0.129272
62;-0.760071;0.451294;-0.165955
63;-0.785095;0.535019;-0.110458
64;-0.821518;0.569351;-0.036591
65;-0.834335;0.577225;-0.048157
66;-0.881195;0.729309;-0.028519
67;-0.871475;0.818359;-0.073715
68;-0.993134;0.977158;-0.036667
69;-0.758484;0.987915;0.111389
70;-0.557892;0.973785;0.003021
71;-0.677444;0.852509;0.105133
72;-0.695694;0.800766;0.178497
73;-0.553604;0.665970;0.088181
74;-0.539688;0.575928;-0.036545
75;-0.687012;0.626968;-0.064331
76;-0.801178;0.661148;-0.117233
77;-0.903473;0.649948;-0.158936
78;-1.040634;0.631348;-0.151291
79;-1.146545;0.666168;-0.169586
80;-1.308456;0.712692;-0.240860
81;-1.254379;0.646851;-0.361786
82;-1.122986;0.524155;-0.394333
83;-1.035919;0.687088;-0.228653
84;-1.055359;0.847366;-0.177856
85;-1.010971;0.866287;-0.178177
86;-0.925156;0.807373;-0.145584
87;-0.867188;0.797180;-0.096924
88;-0.766953;0.737167;-0.069580
89;-0.698761;0.707123;-0.046692
90;-0.603348;0.689377;-0.078003
91;-0.612991;0.790100;-0.070450
92;-0.616638;0.793106;-0.019394
93;-0.648300;0.849854;0.034836
94;-0.705750;0.800735;-0.089050
95;-0.844284;0.826279;0.000183
96;-0.924362;0.858444;0.065262
97;-0.804794;0.760437;-0.036682
98;-0.804123;0.663971;-0.093811
99;-0.832535;0.686493;0.002411
100;-0.900833;0.716660;0.009430
101;-0.994858;0.761627;-0.022339
102;-1.122787;0.802124;0.003281
103;-1.152527;0.756668;-0.040649
104;-1.200775;0.724182;-0.120789
105;-1.197693;0.671478;-0.226761
106;-1.074097;0.440231;-0.274323
107;-1.053757;0.691788;-0.096588
108;-1.076767;0.808517;-0.126785
109;-0.985748;0.884232;-0.070877
110;-0.916534;0.883377;-0.031723
111;-0.873703;0.899490;0.002579
112;-0.802063;0.898300;0.021896
113;-0.720261;0.806900;-0.015625
114;-0.599579;0.726776;-0.023193
115;-0.568024;0.802231;-0.010040
116;-0.544449;0.729355;-0.033401
117;-0.713821;0.978760;0.160538
118;-0.638535;0.684677;-0.047134
119;-0.861816;0.900986;0.142532
120;-0.803574;0.763290;0.058411
121;-0.685547;0.692657;-0.019913
122;-0.651123;0.704590;-0.065140
123;-0.791687;0.731049;-0.072495
124;-0.966721;0.850006;-0.083008
125;-1.110046;0.834488;-0.119476
126;-1.256729;0.840195;-0.082993
127;-1.291901;0.702667;-0.143250
128;-1.341721;0.656723;-0.205536
129;-1.132034;0.510849;-0.221817
130;-1.117401;0.612350;-0.129639
131;-1.073669;0.676041;-0.156570
132;-1.071045;0.800003;-0.131592
133;-0.996414;0.807907;-0.100693
134;-0.977173;0.886047;-0.063568
135;-0.959076;0.953644;-0.068588
136;-0.934418;0.969574;-0.080933
137;-0.776047;0.879150;-0.103882
138;-0.706558;0.897385;-0.125793
139;-0.571259;0.921112;-0.113480
140;-0.548340;0.934128;-0.073532
141;-0.429199;0.721436;-0.064957
142;-0.556259;0.746964;-0.002960
143;-0.739822;0.839737;0.157898
144;-0.756927;0.680435;0.159470
145;-0.684464;0.645889;0.061707
146;-0.767029;0.737259;0.013199
147;-0.911926;0.847321;-0.018661
148;-1.096237;0.946869;-0.031281
149;-1.307297;0.929153;-0.042755
150;-1.477234;0.876205;-0.009552
151;-1.409393;0.644775;-0.135223
152;-1.295212;0.566147;-0.188583
153;-1.079071;0.317841;-0.128632
154;-1.088181;0.586929;-0.054047
155;-1.090805;0.730194;-0.173828
156;-1.026245;0.768280;-0.135864
157;-1.041138;0.852448;-0.055847
158;-1.051620;0.964539;-0.029465
159;-1.029068;1.017258;-0.016022
160;-0.894867;0.939774;-0.023071
161;-0.819275;0.895935;-0.005783
162;-0.746033;0.911682;0.047699
163;-0.799698;1.005753;0.096024
164;-0.529282;0.747696;0.049011
165;-0.681702;0.781357;0.091965
166;-0.800339;0.809113;0.210068
167;-0.684631;0.628952;0.126862
168;-0.578857;0.570663;0.032242
169;-0.986130;0.603012;-0.015762
170;-1.328094;0.372894;-0.070389
171;-1.826126;0.204285;0.058517
172;-1.405273;0.126328;-0.145691
173;-1.226181;-0.059952;-0.172333
174;-1.143539;-0.283829;-0.378754
175;-1.203979;-0.522507;-0.633240
176;-1.541550;-0.730667;-1.062561
177;-2.134430;-0.412766;-1.000702
178;-2.553818;0.056717;-1.067474
179;-3.609634;0.704666;-1.010254
180;-2.891342;1.082993;-0.825592
181;-1.719528;1.432358;-0.277542
182;-0.492310;1.346344;-0.102905
183;-0.058456;1.600372;0.293991
184;-0.067795;1.402863;0.186554
185;-0.335800;0.974945;0.095123
186;-1.455307;0.778793;0.188797
187;-3.589417;-1.053986;-0.318573
188;-3.625534;-2.720184;-0.210312
189;-0.443542;-2.230591;-0.079712
190;1.071838;-1.645264;-0.547424
191;1.066238;-1.139053;-0.307755
192;0.367111;-0.896317;-0.422836
193;-1.084885;-1.761917;-0.567047
194;-2.537018;-2.955643;-1.124786
195;-3.430222;-1.803024;-0.976044
196;-1.586456;0.525284;-0.344986
197;-0.675476;1.610458;-0.241974
198;-0.541763;1.508530;0.243271
199;-0.551254;1.028229;0.236404
200;-1.175446;0.545456;0.053741
201;-4.573761;-2.273636;-0.490875
202;-2.340088;-3.255753;-0.162155
203;0.493851;-2.031952;-0.323364
204;1.370422;-1.565796;-0.563324
205;0.878708;-1.122437;-0.283997
206;0.016647;-1.176926;-0.532608
207;-1.668472;-2.634674;-0.878510
208;-3.064926;-3.095337;-0.290894
209;-2.321671;-0.356033;-0.364944
210;-0.908813;1.499466;-0.442734
211;-0.596756;1.739517;0.160934
212;-0.714417;1.280243;0.235840
213;-1.398392;0.424759;0.127716
214;-3.165665;-2.201385;-0.480927
215;-2.547607;-3.406357;-0.243561
216;0.043350;-1.929642;0.010315
217;0.941681;-1.360916;-0.320831
218;1.066879;-0.973190;-0.219147
219;0.421341;-0.885788;-0.248795
220;-0.647736;-2.008957;-0.621475
221;-2.392166;-3.441910;-0.601883
222;-2.614395;-1.635559;-0.381775
223;-0.993210;0.835800;-0.379105
224;-0.633698;1.678955;-0.046097
225;-0.475540;1.466049;0.406647
226;-0.747940;0.828857;0.105194
227;-1.998779;-0.727814;-0.299576
228;-3.386337;-3.093674;-0.233627
229;-1.480225;-2.560791;-0.396454
230;0.212494;-1.748459;-0.241791
231;0.923859;-1.242889;-0.368973
232;0.889618;-0.969803;-0.370285
233;0.000595;-1.165756;-0.351273
234;-1.604706;-2.437836;-0.387680
235;-2.145905;-2.433807;-0.399582
236;-1.895508;-0.543320;-0.299850
237;-0.806488;0.811066;-0.187897
238;-0.736496;1.368912;0.060242
239;-0.414688;1.169647;0.327469
240;-0.903381;0.421265;0.231812
241;-3.456406;-2.359970;-1.009506
242;-1.708740;-3.153824;-0.434692
243;-0.150009;-1.678802;-0.220612
244;0.767303;-1.098679;-0.280777
245;1.078751;-0.836792;-0.072067
246;0.626801;-0.563293;-0.259018
247;-0.051910;-1.535873;-0.699005
248;-2.465408;-3.312042;-0.522308
249;-2.528030;-2.300720;-0.315781
250;-1.379776;0.006622;-0.323624
251;-0.778366;1.282837;-0.091721
252;-0.432678;1.423553;0.186783
253;-0.465012;0.985184;0.244247
254;-1.194595;0.457733;0.002457
255;-3.547501;-1.983337;-0.100998
256;-2.468430;-3.210663;-0.800766
257;-0.426468;-2.429718;-0.180420
258;1.492340;-1.585007;-0.616074
259;1.207764;-1.101425;-0.568192
260;0.553421;-1.101852;-0.689407
261;-1.246841;-2.199051;-0.834488
262;-1.948914;-2.527039;-0.538834
263;-2.064560;-1.266510;-0.495575
264;-1.373322;0.563324;-0.261383
265;-0.802078;1.511230;-0.001694
266;-0.661972;1.064575;0.432800
267;-1.415085;0.342346;0.240784
268;-2.570236;-2.040649;-0.203003
269;-2.402359;-3.459991;-0.794571
270;-0.433243;-2.216003;-0.196655
271;0.980331;-1.201630;-0.496994
272;1.151825;-0.759109;-0.452820
273;0.770142;-0.584579;-0.279724
274;-0.042694;-1.240952;-0.386932
275;-2.144333;-3.023941;-0.986298
276;-2.529800;-2.280701;-0.328629
277;-1.102905;-0.155670;-0.239655
278;-0.585709;0.880997;-0.269485
279;-0.665833;1.163406;0.236664
280;-0.620392;0.744461;0.349747
281;-1.096054;-0.080902;0.099030
282;-3.113815;-2.391266;-0.881500
283;-1.857269;-2.873825;-0.087784
284;0.386444;-1.391510;-0.312347
285;0.849640;-0.695450;-0.432800
286;1.078308;-0.279053;-0.006531
287;0.861298;-0.345627;-0.244659
288;-0.401535;-1.713303;-0.587433
289;-2.445892;-3.076340;-0.671097
290;-2.140991;-1.773972;-0.211105
291;-0.801682;-0.029968;-0.198471
292;-0.326187;0.952438;0.178558
293;-0.074890;1.469971;0.302368
294;-0.655060;1.183533;-0.099854
295;-1.391663;0.965668;0.042557
296;-3.678558;-0.376343;-0.980286
297;-2.835007;-0.533752;-0.741150
298;-2.572418;-0.632980;-0.658615
299;-1.634781;-0.887848;-0.243378
300;-0.823547;-0.573273;-0.429459
301;-0.450119;-0.389435;-0.409668
302;-0.429001;-0.185562;-0.527237
303;-1.348434;0.066971;-0.680801
304;-2.736664;0.036926;-1.404938
305;-2.816956;1.126968;-0.673813
306;-2.095825;1.484329;-0.404541
307;-1.967453;1.743271;-0.141357
308;-1.605103;1.733124;-0.181305
309;-1.109756;1.322693;-0.015610
310;-0.951721;1.021622;-0.000366
311;-0.730682;0.824951;-0.014679
312;-0.574661;0.720093;-0.062927
313;-0.508957;0.551514;-0.051498
314;-0.498016;0.589279;-0.035034
315;-0.542770;0.670273;-0.059830
316;-0.698685;0.760208;-0.186020
317;-1.300247;1.013824;-0.191742
318;-1.810883;1.186630;-0.148407
319;-1.957535;1.202682;-0.247849
320;-2.063477;1.204269;-0.360062
321;-1.880966;0.991653;-0.484451
322;-1.857025;0.893417;-0.374100
323;-1.485687;0.729431;-0.234650
324;-1.400681;0.504135;-0.227173
325;-1.355331;0.314728;-0.442780
326;-1.264023;0.081604;-0.782761
327;-1.303589;0.403748;-0.513000
328;-1.261688;0.729370;-0.340942
329;-1.306763;0.974319;-0.276840
330;-1.327530;1.041107;-0.266739
331;-1.393448;1.128754;-0.220413
332;-1.387360;1.164276;-0.182327
333;-1.303635;1.171082;-0.184616
334;-1.169434;1.081589;-0.174606
335;-1.045670;1.002686;-0.170959
336;-0.833359;0.839218;-0.149399
337;-0.632599;0.715866;-0.094101
338;-0.396805;0.512299;-0.050217
339;-0.410812;0.497711;0.028122
340;-0.640671;0.548111;0.087021
341;-0.730209;0.545685;0.170044
342;-0.753815;0.600494;0.111832
343;-0.980011;0.776794;0.019836
344;-1.275848;0.965134;-0.065430
345;-1.472900;1.007355;-0.183121
346;-1.675095;0.883926;-0.210464
347;-1.708130;0.746124;-0.131927
348;-1.434448;0.678665;-0.139236
349;-1.268295;0.688980;-0.154602
350;-1.067993;0.308105;-0.318283
351;-1.181290;0.253922;-0.390549
352;-1.227417;0.335754;-0.358063
353;-1.227936;0.509125;-0.247238
354;-1.114853;0.658905;-0.184006
355;-1.194473;0.846848;-0.174393
356;-1.163010;0.931503;-0.179352
357;-1.120956;0.864716;-0.202713
358;-1.051804;0.839478;-0.165115
359;-0.920120;0.816086;-0.142029
360;-0.855591;0.786255;-0.150711
361;-0.778671;0.992401;0.017578
362;-0.495544;0.868759;-0.014069
363;-0.637543;0.940735;-0.042679
364;-0.877884;0.869522;0.080475
365;-0.910782;0.609741;0.186874
366;-0.926620;0.530273;0.180771
367;-0.933762;0.572098;0.141724
368;-1.102295;0.754379;-0.072357
369;-1.278229;0.803772;-0.226303
370;-1.418961;0.743317;-0.336563
371;-1.520996;0.647202;-0.337494
372;-1.409027;0.654404;-0.301682
373;-1.154800;0.485153;-0.356827
374;-1.146408;0.386841;-0.369629
375;-1.106567;0.554108;-0.284943
376;-1.128235;0.655548;-0.187347
377;-1.098282;0.717407;-0.109604
378;-1.081680;0.761444;-0.103256
379;-1.066528;0.799301;-0.089111
380;-1.006073;0.789536;-0.093781
381;-0.968124;0.778488;-0.074524
382;-0.958160;0.845627;-0.052277
383;-0.901978;0.836517;-0.037109
384;-0.955917;0.975708;0.060974
385;-0.545013;0.795181;0.143311
386;-0.442688;0.653351;0.010117
387;-0.674362;0.873917;0.070206
388;-0.970016;0.758682;0.042938
389;-0.935547;0.627075;-0.127655
390;-0.954849;0.674240;-0.112900
391;-1.082520;0.736557;-0.157059
392;-1.170288;0.783966;-0.175079
393;-1.263245;0.749405;-0.187119
394;-1.441727;0.721191;-0.180908
395;-1.575775;0.736557;-0.240753
396;-1.399963;0.486450;-0.386765
397;-1.229523;0.400528;-0.354141
398;-1.078049;0.534485;-0.243820
399;-1.059250;0.663864;-0.184006
400;-1.014343;0.726013;-0.197815
401;-1.008408;0.776474;-0.144852
402;-1.033279;0.815552;-0.118225
403;-0.984879;0.812515;-0.108383
404;-0.967468;0.810181;-0.090805
405;-0.934479;0.802124;-0.063950
406;-0.925735;0.877869;-0.018585
407;-0.757431;0.972427;0.078568
408;-0.513306;0.844284;0.089783
409;-0.655182;0.741592;-0.008667
410;-0.807114;0.818420;0.087585
411;-0.843964;0.697998;0.068207
412;-0.786285;0.617355;-0.007584
413;-0.842209;0.654617;-0.061935
414;-0.987335;0.726761;-0.097565
415;-1.167282;0.784622;-0.117386
416;-1.257736;0.730667;-0.126099
417;-1.394852;0.704834;-0.157806
418;-1.347321;0.593109;-0.218140
419;-1.286880;0.597000;-0.262711
420;-1.179382;0.422668;-0.306290
421;-1.051575;0.440689;-0.227463
422;-1.048416;0.607025;-0.168106
423;-1.057419;0.677048;-0.176849
424;-1.035919;0.743073;-0.169861
425;-1.062546;0.805557;-0.115997
426;-1.060287;0.837189;-0.086227
427;-0.942871;0.778961;-0.077866
428;-0.880066;0.760818;-0.063126
429;-0.902023;0.850815;-0.039459
430;-0.779434;0.766327;-0.064835
431;-0.737366;0.818970;0.026123
432;-0.505295;0.567856;-0.008331
433;-0.649643;0.618469;0.084015
434;-0.763428;0.700043;0.198639
435;-0.897644;0.685318;0.049759
436;-0.964157;0.763702;-0.075241
437;-1.050461;0.781952;-0.121964
438;-1.053528;0.669434;-0.119049
439;-1.056076;0.614182;-0.139328
440;-1.066071;0.509659;-0.079590
441;-1.177475;0.497787;-0.050140
442;-1.332901;0.563919;-0.104080
443;-1.095810;0.436615;-0.187729
444;-0.950470;0.571136;-0.114792
445;-0.897675;0.773407;-0.108109
446;-0.799759;0.814957;-0.110092
447;-0.655975;0.825470;-0.073730
448;-0.497803;0.856064;-0.045761
449;-0.564758;0.980438;0.070877
450;-0.622452;0.988495;-0.022354
451;-0.757828;0.798431;0.007080
452;-0.932327;0.711349;0.040726
453;-0.708145;0.559418;0.054047
454;-0.638031;0.549866;0.058823
455;-0.771637;0.533386;0.011612
456;-0.833511;0.515671;-0.039459
457;-0.914047;0.554550;-0.068771
458;-0.899399;0.508011;-0.077316
459;-0.906769;0.464645;-0.046814
460;-0.919189;0.468704;-0.034439
461;-0.887039;0.469818;-0.071152
462;-0.882950;0.486450;-0.085129
463;-0.873596;0.492294;-0.072983
464;-0.876068;0.494232;-0.071854
465;-0.885330;0.506683;-0.072952
466;-0.880829;0.479584;-0.069946
467;-0.877335;0.494873;-0.054596
468;-0.865585;0.505493;-0.043060
469;-0.850159;0.517410;-0.052170
470;-0.824005;0.498306;-0.054459
471;-0.832550;0.518173;-0.049973
472;-0.816940;0.508667;-0.066238
473;-0.815063;0.527115;-0.080429
474;-0.816772;0.474594;-0.095947
475;-1.041733;0.288452;-0.101913
476;-1.328491;0.091049;-0.222061
477;-2.398575;-0.106857;-0.479065
478;-1.718994;-0.264664;-0.573715
479;-1.633087;-0.419754;-0.272003
480;-1.250427;-0.370850;-0.091980
481;-0.743179;0.053757;-0.071030
482;-0.407990;0.149796;-0.065872
483;-0.454742;0.734116;-0.172897
484;-0.719055;0.941071;-0.316956
485;-1.176987;0.788513;0.148071
486;-2.975296;-0.270142;0.015625
487;-3.140427;-2.590302;-1.403976
488;-1.080124;-3.029617;-0.484787
489;1.332504;-2.253479;-0.617035
490;1.391785;-1.306412;-0.306442
491;-0.287292;-1.803940;-0.801865
492;-2.117111;-3.715439;-0.280914
493;-2.789597;-1.685684;-1.356400
494;-2.194351;0.732712;-0.456772
495;-1.103973;1.972061;-1.071152
496;-0.549271;1.800018;0.092407
497;-2.021652;1.161957;0.393158
498;-4.095047;-1.044098;-0.519684
499;-4.050980;-3.716202;-0.868011
500;0.244751;-2.310349;-0.618378
501;1.582901;-1.660965;-0.934875
502;1.416245;-1.121033;-0.566467
503;-0.097000;-0.933060;-0.518860
504;-1.619568;-2.606583;-0.369095
505;-3.499023;-3.132645;-1.523834
506;-3.177170;-0.875702;-0.431808
507;-1.003006;1.052811;-0.225800
508;-0.596100;1.794800;0.007339
509;-0.750473;1.430878;0.479706
510;-1.176865;0.840881;0.139282
511;-2.610580;-0.757065;-0.446930
512;-4.064362;-3.436920;-1.926193
513;-0.829834;-2.816422;-0.108398
514;1.433121;-1.607529;-1.251236
515;1.823700;-1.056671;-0.487701
516;0.894104;-0.454132;-0.656525
517;-0.317001;-1.667511;-0.475372
518;-3.539871;-3.581207;-1.081635
519;-2.675552;-1.351212;-0.219162
520;-0.698410;0.979858;0.024384
521;-0.480759;1.921112;-0.058975
522;-0.764542;1.424225;0.341690
523;-1.379959;0.481049;-0.072998
524;-2.557022;-1.557358;-0.685135
525;-3.094437;-3.342789;-0.828873
526;-0.396484;-1.885742;-0.452469
527;0.840027;-1.198944;-0.398315
528;1.227325;-0.847153;-0.333786
529;0.913055;-0.578110;-0.259857
530;0.044449;-0.998169;-0.300934
531;-2.756958;-3.054138;-1.124908
532;-3.190598;-2.431076;-0.228363
533;-1.003418;0.230789;-0.023392
534;-0.035141;1.649445;-0.034027
535;-0.399521;1.866226;0.443497
536;-0.558258;1.310547;-0.001938
537;-1.688065;0.429977;-0.282150
538;-4.206009;-2.059509;-0.676239
539;-2.555145;-1.894577;-1.070419
540;-0.152969;-1.542587;-0.395325
541;0.379852;-1.029739;-0.080276
542;1.038483;-0.694336;-0.281998
543;0.598297;-0.650208;-0.259262
544;-1.173233;-0.876038;-0.831436
545;-3.703995;-1.077469;-0.565109
546;-2.971985;-0.248108;-0.509583
547;-1.917130;0.147293;-0.562393
548;-1.076080;0.335236;-0.116028
549;-0.503296;0.548355;0.294785
550;-0.186508;0.452728;0.289078
551;-0.271790;0.445404;-0.024506
552;-1.018219;0.932236;-0.090714
553;-1.309784;0.965240;-0.334015
554;-1.241379;0.842728;-0.316467
555;-1.425583;0.886841;-0.228073
556;-1.324020;0.811523;-0.230530
557;-1.421234;0.809799;-0.236328
558;-1.376968;0.797516;-0.253204
559;-1.449615;0.707993;-0.181549
560;-1.471054;0.650787;-0.180038
561;-1.279831;0.573105;-0.281189
562;-1.198486;0.572540;-0.332153
563;-1.084015;0.454041;-0.474869
564;-1.166656;0.492126;-0.633896
565;-1.143112;0.561050;-0.471146
566;-1.148895;0.730865;-0.343857
567;-1.213867;0.902817;-0.255630
568;-1.154419;0.938477;-0.218216
569;-1.159592;0.980469;-0.210632
570;-1.089340;0.937561;-0.184448
571;-1.008499;0.838257;-0.175751
572;-0.911438;0.730347;-0.156906
573;-0.800766;0.754242;-0.136841
574;-0.642029;0.689697;-0.071060
575;-0.500412;0.805359;0.086670
576;-0.455475;0.652023;-0.025055
577;-0.780014;0.901123;0.052933
578;-0.932434;0.877579;-0.018616
579;-1.023087;0.867325;-0.081726
580;-1.144760;0.939331;-0.185196
581;-1.330078;1.008972;-0.242035
582;-1.489487;1.001587;-0.232544
583;-1.567017;0.825455;-0.274414
584;-1.520477;0.635925;-0.275223
585;-1.424438;0.494263;-0.272324
586;-1.356018;0.404251;-0.281647
587;-1.284943;0.266449;-0.400681
588;-1.262695;0.404587;-0.394684
589;-1.245926;0.592987;-0.301346
590;-1.335083;0.833099;-0.256760
591;-1.305801;0.955383;-0.213181
592;-1.309402;1.072052;-0.196289
593;-1.302185;1.137527;-0.171158
594;-1.248856;1.071732;-0.195236
595;-1.039307;0.929794;-0.173508
596;-0.879868;0.859970;-0.154831
597;-0.662415;0.778442;-0.112152
598;-0.478271;0.899338;0.104660
599;-0.485458;0.791519;0.070709
600;-0.636520;0.921280;0.012085
601;-0.698578;0.814758;-0.082916
602;-0.843277;0.760590;-0.045303
603;-0.933777;0.820786;0.007004
604;-1.258743;1.086288;-0.031342
605;-1.547607;1.244568;-0.088577
606;-1.712875;1.203003;-0.287231
607;-1.738220;0.940994;-0.417145
608;-1.503693;0.707184;-0.319977
609;-1.322906;0.710831;-0.188171
610;-1.159073;0.376190;-0.313156
611;-1.204727;0.360382;-0.394852
612;-1.114288;0.552200;-0.296692
613;-1.132584;0.647751;-0.192795
614;-1.110321;0.771667;-0.141708
615;-1.153198;1.005798;-0.143829
616;-1.214218;1.140366;-0.145401
617;-1.175369;1.149124;-0.203979
618;-1.078171;1.059967;-0.161697
619;-1.060364;1.106049;-0.122070
620;-0.812897;1.228485;0.035782
621;-0.265274;1.080887;0.082443
622;-0.396118;1.050278;0.013580
623;-0.445587;1.115646;0.075638
624;-0.685226;0.896881;0.031082
625;-0.797775;0.773300;-0.009125
626;-0.976425;0.885193;0.031418
627;-1.212631;1.048126;-0.024414
628;-1.483521;1.188721;-0.097076
629;-1.545074;0.900314;-0.284912
630;-1.469757;0.622482;-0.353912
631;-1.469025;0.780518;-0.132904
632;-1.356476;0.606216;-0.179306
633;-1.123154;0.519897;-0.325623
634;-1.050903;0.620544;-0.195053
635;-0.972382;0.808090;-0.029800
636;-0.775055;0.819427;0.024338
637;-0.828690;0.994736;0.000305
638;-0.667770;1.207916;0.157425
639;-0.446274;1.350143;0.062729
640;0.054947;1.145798;0.203979
641;-0.485107;1.143921;0.283432
642;-0.995041;1.506073;0.228851
643;-0.459198;0.972214;-0.107529
644;-0.888046;0.844238;-0.129456
645;-1.025497;0.690948;0.142792
646;-0.871017;0.477280;0.095947
647;-0.769485;0.495041;0.070953
648;-0.807083;0.532928;0.019318
649;-0.922867;0.607620;-0.056244
650;-1.118454;0.634018;-0.102570
651;-1.023209;0.573029;-0.087357
652;-0.861511;0.524933;-0.033875
653;-0.799072;0.603867;-0.004044
654;-0.740448;0.678314;-0.067230
655;-0.749634;0.756271;-0.108627
656;-0.691605;0.770950;-0.023361
657;-0.647659;0.814407;0.078156
658;-0.642273;0.800110;0.075775
659;-0.602798;0.785004;0.076675
660;-0.642593;0.745346;0.058655
661;-0.667603;0.708206;0.029083
662;-0.766190;0.683807;-0.003448
663;-0.802994;0.670959;-0.034485
664;-0.826950;0.655563;-0.067703
665;-0.802917;0.597748;-0.048035
666;-0.830200;0.563599;-0.037384
667;-0.849304;0.583618;-0.037201
668;-0.798859;0.611588;-0.035706
669;-0.801590;0.631042;-0.055771
670;-0.779037;0.615051;-0.061752
671;-0.763382;0.628616;-0.025223
672;-0.737885;0.674332;-0.001862
673;-0.690567;0.670441;-0.011612
674;-0.753128;0.675873;-0.059326
675;-0.724762;0.644028;-0.051498
676;-0.764786;0.652069;0.001877
677;-0.755600;0.641846;-0.020599
678;-0.760849;0.590805;-0.028931
679;-0.803314;0.588547;-0.082947
680;-0.859299;0.373444;-0.143738
681;-1.210556;0.305283;-0.147919
682;-1.387253;0.181198;-0.166809
683;-1.491470;0.266968;-0.168228
684;-1.265640;0.212234;-0.235809
685;-1.120316;0.279678;-0.175751
686;-0.988174;0.420181;-0.152191
687;-0.912582;0.602325;-0.169891
688;-0.766861;0.617264;-0.221832
689;-0.682877;0.646729;-0.110321
690;-0.774673;0.772568;-0.059677
691;-0.730606;0.832306;0.044708
692;-0.714966;0.807312;-0.001251
693;-1.007507;0.911453;-0.005188
694;-0.935516;0.773804;0.050446
695;-0.841156;0.681534;-0.053436
696;-0.747284;0.566315;-0.133881
697;-0.789764;0.546722;-0.142319
698;-0.929520;0.549973;-0.138840
699;-1.109070;0.530502;-0.093948
700;-1.241348;0.539505;-0.156250
701;-1.253143;0.540115;-0.229263
702;-1.415329;0.728210;-0.297867
703;-1.178818;0.365891;-0.426880
704;-1.380737;0.772644;-0.284271
705;-1.382751;0.916794;-0.264633
706;-1.380508;1.065231;-0.235443
707;-1.136932;1.021225;-0.176926
708;-1.013275;0.956177;-0.168671
709;-0.903427;0.887604;-0.144028
710;-0.721054;0.712234;-0.084290
711;-0.640594;0.639923;-0.030853
712;-0.593750;0.662598;-0.007248
713;-0.503876;0.596939;-0.055984
714;-0.654190;0.822052;0.006805
715;-0.706848;0.660980;-0.046280
716;-0.914917;0.801483;0.075394
717;-1.014465;0.800827;0.107239
718;-1.083298;0.808990;0.062805
719;-1.037796;0.831314;-0.111542
720;-1.136841;0.894180;-0.200760
721;-1.207718;0.924805;-0.269348
722;-1.240585;0.861786;-0.348099
723;-1.259094;0.750763;-0.309708
724;-1.308167;0.636993;-0.252243
725;-1.339401;0.437256;-0.289108
726;-1.369781;0.302338;-0.446640
727;-1.416779;0.429138;-0.376587
728;-1.271362;0.726883;-0.217728
729;-1.289795;0.946365;-0.228760
730;-1.235626;1.016251;-0.224609
731;-1.162277;1.083878;-0.192795
732;-1.160477;1.085754;-0.142899
733;-1.063370;1.049606;-0.152298
734;-0.970688;0.980820;-0.151733
735;-0.854279;0.872223;-0.135803
736;-0.665070;0.795471;-0.098068
737;-0.644928;0.882843;0.006195
738;-0.406754;0.653763;0.058517
739;-0.572510;0.802246;0.085159
740;-0.741104;0.819519;0.076218
741;-0.819992;0.745880;0.125946
742;-0.871811;0.767960;0.116180
743;-1.115143;0.927933;0.098099
744;-1.319977;1.164825;-0.089294
745;-1.582001;1.302536;-0.291916
746;-1.595322;1.050125;-0.417053
747;-1.622635;0.838440;-0.481140
748;-1.376312;0.661896;-0.452072
749;-1.228760;0.258438;-0.476166
750;-1.391983;0.277634;-0.409485
751;-1.220764;0.500259;-0.302597
752;-1.219437;0.741272;-0.294754
753;-1.213226;0.808258;-0.185867
754;-1.145142;1.069504;-0.105225
755;-1.164246;1.105698;-0.044937
756;-1.172607;1.075806;-0.057159
757;-1.015167;1.046310;-0.099350
758;-0.839676;0.941895;-0.090973
759;-0.672943;0.816574;-0.090591
760;-0.676514;1.058609;0.066574
761;-0.332962;0.756317;-0.029724
762;-0.710464;1.065262;0.107071
763;-0.945511;1.006134;0.063095
764;-0.636215;0.703690;0.241180
765;-0.730896;0.724747;0.290756
766;-0.985168;0.965729;0.004059
767;-1.156662;1.163269;-0.205765
768;-1.379593;1.305878;-0.352783
769;-1.545166;1.059250;-0.394867
770;-1.556580;0.693192;-0.408325
771;-1.359406;0.703232;-0.208817
772;-1.080460;0.416992;-0.305130
773;-1.139053;0.466095;-0.431458
774;-1.062302;0.535553;-0.309677
775;-1.067215;0.694046;-0.183594
776;-0.906235;0.857315;-0.111542
777;-0.934219;0.992798;0.070465
778;-0.965378;1.078720;0.014954
779;-1.056061;1.081741;0.009018
780;-0.937347;1.012680;-0.009521
781;-0.851883;1.069107;0.010712
782;-0.608658;0.845413;0.039734
783;-0.695007;1.007599;0.132584
784;-0.555573;0.742828;-0.064026
785;-0.765015;0.897797;-0.049866
786;-0.754150;0.698547;-0.038620
787;-0.758392;0.654099;0.046661
788;-0.791275;0.599213;0.073654
789;-0.941803;0.685043;-0.016037
790;-0.985992;0.664169;-0.089142
791;-1.085480;0.642380;-0.181885
792;-1.158173;0.531479;-0.195312
793;-1.264648;0.603195;-0.107224
794;-0.928574;0.401459;-0.079468
795;-0.844009;0.428345;-0.036636
796;-0.770370;0.514236;-0.025772
797;-0.807175;0.635925;-0.117920
798;-0.822662;0.636383;-0.129990
799;-0.824310;0.607483;-0.062469
800;-0.778946;0.648361;-0.013580
801;-0.780350;0.707520;-0.054810
802;-0.712997;0.736694;-0.024475
803;-0.664810;0.713928;-0.049622
804;-0.684540;0.678421;-0.037064
805;-0.701553;0.681107;-0.023544
806;-0.726379;0.690125;-0.042053
807;-0.769211;0.662704;-0.045837
808;-0.771805;0.617889;-0.042191
809;-0.809952;0.608505;-0.042862
810;-0.824982;0.588593;-0.036987
811;-0.815125;0.573807;-0.059372
812;-0.813522;0.583710;-0.049286
813;-0.804932;0.587906;-0.073959
814;-0.811798;0.609802;-0.065918
815;-0.788483;0.622925;-0.053589
816;-0.786789;0.613113;-0.061584
817;-0.787598;0.627502;-0.077057
818;-0.745544;0.596207;-0.072189
819;-0.772629;0.627686;-0.043549
820;-0.772873;0.562622;-0.101303
821;-0.837814;0.569794;-0.090164
822;-0.789734;0.572418;-0.133591
823;-0.800980;0.586639;-0.169464
824;-1.063736;0.142654;-0.342224
825;-1.403748;0.202713;-0.353241
826;-1.331223;0.292511;-0.225830
827;-1.068329;0.308350;-0.181000
828;-1.056351;0.137817;-0.293350
829;-1.280838;0.035660;-0.345627
830;-1.177231;0.323563;-0.279114
831;-0.952820;1.047638;-0.163376
832;-0.898300;1.122009;-0.116592
833;-1.830612;0.484238;0.377319
834;-2.163223;-0.624130;-0.030670
835;-1.321640;-2.080215;0.056259
836;-0.053787;-1.800339;0.122101
837;0.723129;-1.271988;-0.417007
838;0.639435;-0.982880;-0.308533
839;-0.342865;-1.124481;-0.532104
840;-1.923462;-2.305634;-0.885162
841;-2.554276;-1.589890;-0.405380
842;-1.883469;-0.283051;-0.349411
843;-1.118607;0.752319;-0.351929
844;-0.416061;1.347397;-0.150787
845;-0.487991;1.120819;0.128403
846;-1.104568;0.491119;0.032623
847;-3.553802;-2.212219;-1.075989
848;-2.443146;-2.785187;-0.394241
849;0.325150;-1.520996;-0.170151
850;1.144348;-1.115112;-0.343933
851;0.842560;-0.709793;-0.235260
852;0.110504;-0.837143;-0.564774
853;-1.726303;-2.181473;-0.545486
854;-2.472412;-2.210373;-0.453949
855;-1.681839;-0.359573;-0.167709
856;-0.435333;0.935120;-0.203552
857;-0.425934;1.347321;-0.009460
858;-0.572922;0.907272;0.473083
859;-1.214935;-0.040634;-0.073669
860;-2.729828;-2.128052;-0.683701
861;-1.837158;-2.413025;-0.169312
862;-0.128494;-1.193024;-0.318710
863;0.231079;-0.747192;-0.405151
864;0.571213;-0.454330;-0.135818
865;0.523911;-0.325806;0.041962
866;0.213455;-0.753128;-0.187225
867;-1.920334;-1.151321;-1.052567
868;-2.693756;-1.961823;-0.108368
869;-1.644775;-0.634933;-0.575409
870;-1.242325;-0.157089;-0.879578
871;-0.569000;-0.269043;-0.042175
872;-0.415115;-0.139267;0.115189
873;-0.502579;0.057541;0.022263
874;-0.221710;0.148819;0.101624
875;-0.420212;0.673096;0.157242
876;-0.898499;1.224167;-0.035782
877;-1.885895;1.636871;-0.132858
878;-2.603455;1.642578;-0.177338
879;-2.686203;1.512924;-0.015564
880;-2.482162;1.368774;-0.281799
881;-2.199371;0.921249;-0.711655
882;-1.842972;0.466827;-0.559616
883;-1.306931;0.307129;-0.339493
884;-1.210068;0.120728;-0.196564
885;-1.193619;-0.064331;-0.478531
886;-1.512161;-0.397598;-0.817734
887;-1.694550;0.057144;-0.649841
888;-1.865921;0.647675;-0.428055
889;-2.327591;1.364349;-0.316238
890;-2.559204;1.972137;-0.393845
891;-2.586411;2.206741;-0.276672
892;-1.972504;1.887726;-0.214249
893;-1.354523;1.448181;-0.157394
894;-0.865601;1.019135;-0.077759
895;-0.555069;0.686096;-0.076569
896;-0.493835;0.641907;-0.032211
897;-0.391586;0.561829;-0.039856
898;-0.363312;0.624893;-0.003174
899;-0.368637;0.573105;-0.037170
900;-0.935806;0.796402;-0.057465
901;-1.679901;1.001755;0.071121
902;-2.054184;0.874435;0.282669
903;-2.175812;0.879303;0.182632
904;-2.365112;0.921432;-0.223160
905;-2.113403;0.534927;-0.348984
906;-1.566483;0.490799;-0.078262
907;-1.299530;0.416763;-0.073257
908;-1.239960;0.143677;-0.086090
909;-1.474304;0.077499;-0.086395
910;-1.417297;-0.197113;-0.484695
911;-1.605255;0.116211;-0.278915
912;-1.386932;0.479446;-0.158554
913;-1.580460;0.962967;-0.290939
914;-1.715073;1.256836;-0.380600
915;-1.462173;1.339371;-0.324951
916;-1.186615;1.027573;-0.363373
917;-1.185120;0.822006;-0.540527
918;-1.041809;0.641479;-0.447174
919;-0.780945;0.401260;-0.582870
920;-0.619308;0.200012;-0.575348
921;-0.326752;0.134827;-0.589355
922;-0.180756;0.247589;-1.511414
923;-0.085693;0.385712;-1.255493
924;-0.047775;0.003601;-0.788055
925;-0.163956;-0.083725;-0.940964
926;-0.134781;-0.000061;-1.024429
927;-0.136139;-0.213669;-0.798370
928;-0.141983;-0.282730;-0.689346
929;-0.070618;-0.378189;-0.620911
930;-0.056107;-0.344833;-0.864365
931;0.073181;-0.372787;-0.777039
932;0.037277;-0.554871;-0.814514
933;0.058243;-0.524307;-0.742203
934;0.018356;-0.583405;-0.726089
935;0.034561;-0.602768;-0.775879
936;-0.032486;-0.643860;-0.749069
937;-0.030655;-0.576019;-0.740677
938;0.040985;-0.625870;-0.677750
939;0.058289;-0.594894;-0.768692
940;0.043335;-0.596802;-0.774384
941;-0.026337;-0.621475;-0.764374
942;0.009033;-0.627579;-0.794067
943;0.053268;-0.649780;-0.714417
944;0.039932;-0.616669;-0.800827
945;0.062332;-0.614944;-0.821671
946;0.078964;-0.588882;-0.828568
947;0.049606;-0.593491;-0.793381
948;0.055481;-0.603546;-0.793869
949;0.061157;-0.603424;-0.786057
950;0.043213;-0.618927;-0.780762
951;0.034683;-0.597244;-0.757446
952;0.037582;-0.617310;-0.767532
