index;x;y;z
0;0.067520;-0.480301;-0.890366
1;-0.032913;-0.485229;-0.997482
2;-0.042923;-0.431351;-0.951935
3;0.000351;-0.486420;-0.829193
4;0.016846;-0.493896;-0.839371
5;0.013855;-0.510849;-0.816299
6;0.003448;-0.508331;-0.864532
7;-0.001312;-0.486816;-0.914978
8;0.010056;-0.492584;-0.899368
9;0.020203;-0.509567;-0.865860
10;-0.001083;-0.514740;-0.857529
11;0.014450;-0.498657;-0.853943
12;0.020172;-0.490738;-0.851959
13;0.007233;-0.489655;-0.854355
14;0.014313;-0.476532;-0.863159
15;0.037918;-0.481903;-0.851425
16;0.029709;-0.492310;-0.838135
17;0.020782;-0.490860;-0.859161
18;0.017670;-0.501846;-0.878616
19;0.010162;-0.502502;-0.884766
20;0.016083;-0.500290;-0.870850
21;0.025253;-0.493210;-0.854446
22;0.027618;-0.498474;-0.859207
23;0.014343;-0.500854;-0.850540
24;0.000473;-0.488617;-0.877563
25;0.022919;-0.506775;-0.855911
26;0.003845;-0.498398;-0.880325
27;0.001007;-0.502319;-0.856415
28;-0.004501;-0.502579;-0.856781
29;0.000916;-0.492920;-0.847061
30;-0.002731;-0.495789;-0.852249
31;0.007294;-0.500351;-0.846039
32;0.010681;-0.504944;-0.864990
33;0.012177;-0.504974;-0.865326
34;0.009689;-0.504807;-0.871735
35;0.011108;-0.496048;-0.868073
36;0.005997;-0.490509;-0.861008
37;0.004654;-0.492599;-0.841568
38;0.002991;-0.493179;-0.851959
39;0.013748;-0.499283;-0.854416
40;0.006042;-0.508987;-0.868866
41;-0.000992;-0.497375;-0.880310
42;0.005615;-0.495163;-0.860779
43;0.009705;-0.478989;-0.868225
44;0.022522;-0.470490;-0.846451
45;0.006287;-0.472610;-0.872986
46;0.002335;-0.485992;-0.856552
47;-0.016479;-0.481995;-0.874405
48;-0.004730;-0.477448;-0.855164
49;-0.013748;-0.485840;-0.869568
50;-0.009171;-0.504288;-0.862854
51;-0.006210;-0.492447;-0.877808
52;-0.014557;-0.510971;-0.851929
53;-0.011017;-0.508499;-0.862671
54;-0.009277;-0.524292;-0.827896
55;-0.007294;-0.548706;-0.836807
56;-0.057343;-0.559860;-0.863831
57;-0.063766;-0.508362;-0.810425
58;0.069901;-0.537659;-0.797089
59;0.154022;-0.527359;-0.656097
60;0.159317;-0.459366;-0.797409
61;0.111145;-0.358536;-0.967010
62;0.107315;-0.303772;-0.321960
63;0.207993;-0.227264;-0.530426
64;0.338104;-0.561523;-0.954483
65;0.247437;-0.488098;-0.865723
66;-0.021271;-0.483536;-0.972046
67;-0.025131;-0.587006;-1.011353
68;-0.166794;-0.479080;-0.729858
69;-0.472183;-0.149612;-0.806259
70;-0.449875;-0.092773;-0.533295
71;-0.759567;0.231339;-0.484116
72;-1.102737;0.469040;-0.365128
73;-1.326843;0.797531;-0.530991
74;-1.356125;0.813614;-0.553055
75;-1.261398;0.621765;-0.448029
76;-1.122879;0.442734;-0.316055
77;-1.049240;0.409622;-0.215942
78;-0.996140;0.446350;-0.230484
79;-0.997757;0.422821;-0.294693
80;-1.138092;0.457275;-0.314224
81;-1.168533;0.355225;-0.297256
82;-1.280884;0.382339;-0.261887
83;-1.272781;0.303162;-0.259369
84;-1.273422;0.370621;-0.253265
85;-1.199997;0.327682;-0.336105
86;-1.154709;0.235413;-0.388916
87;-1.236267;0.487167;-0.277893
88;-1.405975;0.665588;-0.317535
89;-1.292770;0.738068;-0.238983
90;-1.234222;0.765762;-0.190903
91;-1.120239;0.682007;-0.180084
92;-1.062912;0.656021;-0.154449
93;-0.940933;0.616135;-0.121414
94;-0.756958;0.497772;-0.135208
95;-0.706223;0.531769;-0.103775
96;-0.611694;0.514374;-0.086792
97;-0.652344;0.536530;-0.028519
98;-0.746338;0.552704;0.003754
99;-0.856125;0.571457;-0.013016
100;-1.183838;0.696396;0.123932
101;-1.276901;0.603073;0.230133
102;-1.228851;0.550842;0.307678
103;-1.043091;0.461380;0.164963
104;-1.070602;0.505035;0.106796
105;-1.072662;0.543823;-0.010086
106;-1.156723;0.582428;-0.057541
107;-1.187241;0.504288;-0.051376
108;-1.249420;0.382629;-0.103745
109;-1.374283;0.389893;-0.069397
110;-1.362808;0.371216;-0.121109
111;-1.358063;0.359360;-0.146103
112;-1.232941;0.388245;-0.105499
113;-1.049850;0.458481;-0.126862
114;-1.105103;0.692795;-0.077652
115;-1.185730;0.788864;-0.128540
116;-1.242706;0.751053;-0.155609
117;-1.178497;0.714035;-0.116791
118;-1.061584;0.669205;-0.107330
119;-0.897141;0.693329;-0.112045
120;-0.755157;0.623230;-0.088882
121;-0.773758;0.478638;0.030746
122;-0.758118;0.502945;0.074722
123;-0.741943;0.484894;0.078201
124;-0.770218;0.479172;0.124802
125;-0.852905;0.431076;0.176392
126;-1.019852;0.528809;0.191544
127;-1.185547;0.622269;0.153564
128;-1.148651;0.594574;0.018295
129;-1.051315;0.534210;-0.046448
130;-1.111282;0.549255;-0.053101
131;-1.192703;0.571671;0.019974
132;-1.257034;0.508057;0.038528
133;-1.210785;0.378769;0.012360
134;-1.207901;0.287613;-0.008163
135;-1.237091;0.323120;-0.028854
136;-1.206024;0.319626;-0.070084
137;-1.279907;0.472183;-0.108353
138;-1.295746;0.458649;-0.212463
139;-1.173996;0.432007;-0.149841
140;-1.212601;0.617249;-0.077728
141;-1.292694;0.792709;-0.024384
142;-1.323639;0.870056;-0.057465
143;-1.315887;0.890457;0.013275
144;-1.144379;0.846771;0.038528
145;-0.888748;0.688309;0.014969
146;-0.721695;0.523544;-0.037460
147;-0.570663;0.397598;-0.067886
148;-0.556793;0.411026;-0.002396
149;-0.527374;0.328033;0.027832
150;-0.711456;0.416901;0.026062
151;-0.809387;0.487823;0.012756
152;-1.072083;0.588531;0.026276
153;-1.156754;0.515167;0.047958
154;-1.351639;0.517242;0.088913
155;-1.461014;0.502960;0.142426
156;-1.260834;0.352478;0.038986
157;-1.092209;0.380432;0.025482
158;-1.004547;0.402054;0.022812
159;-0.935471;0.365417;-0.013260
160;-0.928284;0.318848;0.059738
161;-0.903259;0.259048;0.087753
162;-1.082504;0.345657;0.081650
163;-1.098785;0.432922;0.049683
164;-0.916351;0.448196;0.013626
165;-0.800507;0.524979;0.029831
166;-0.753967;0.579025;0.025131
167;-0.815643;0.615341;0.053680
168;-0.845398;0.597580;0.023834
169;-0.859909;0.605560;-0.024704
170;-0.832382;0.583725;-0.009125
171;-0.779724;0.565140;-0.004990
172;-0.837341;0.554260;0.014618
173;-0.850647;0.517670;0.010345
174;-0.872223;0.492157;0.007416
175;-0.881836;0.465179;0.013824
176;-0.897018;0.494858;0.025742
177;-0.889404;0.469452;-0.003601
178;-0.886307;0.467102;0.001968
179;-0.887238;0.462250;0.015060
180;-0.887222;0.466614;0.010086
181;-0.880798;0.462967;-0.008255
182;-0.898834;0.467758;0.006134
183;-0.887848;0.467529;0.007919
184;-0.890930;0.455841;-0.013458
185;-0.883209;0.470932;0.000717
186;-0.880692;0.467880;-0.004807
187;-0.898819;0.471207;0.001419
188;-0.893494;0.473969;-0.004257
189;-0.888214;0.488480;0.003006
190;-0.879456;0.486389;0.011688
191;-0.870117;0.501419;0.018005
192;-0.881332;0.477432;0.009155
193;-0.886215;0.480301;0.016876
194;-0.882629;0.476593;0.019119
195;-0.866013;0.479553;-0.004791
196;-0.863129;0.485291;-0.027496
197;-0.858963;0.492081;-0.028381
198;-0.868988;0.508514;-0.025314
199;-0.862686;0.521759;-0.037033
200;-0.858810;0.502243;-0.027649
201;-0.861954;0.476379;-0.012848
202;-0.891266;0.456757;0.005066
203;-0.899536;0.444061;0.021515
204;-0.883041;0.441010;0.025650
205;-0.877792;0.436874;-0.018860
206;-0.911224;0.425156;-0.058487
207;-0.958237;0.402863;-0.096741
208;-0.954834;0.303741;-0.034729
209;-1.006638;0.117538;-0.002731
210;-1.187073;0.237534;-0.031479
211;-1.138123;0.277222;-0.147491
212;-1.040909;0.238174;-0.187866
213;-0.977539;0.298462;-0.104416
214;-0.931732;0.344986;-0.058487
215;-0.912155;0.353073;-0.087509
216;-0.851410;0.362793;-0.080322
217;-0.767410;0.344391;-0.081680
218;-0.769974;0.366074;-0.054550
219;-0.851959;0.462143;-0.021393
220;-0.937607;0.596405;-0.024368
221;-1.177826;0.773376;0.005951
222;-1.039230;0.732117;-0.072159
223;-0.956696;0.603775;-0.058731
224;-0.991425;0.611938;0.003235
225;-0.974228;0.567047;-0.015854
226;-0.828568;0.449417;-0.003220
227;-0.762299;0.348312;0.016556
228;-0.746765;0.277191;0.018875
229;-0.823685;0.268967;-0.006622
230;-0.874603;0.305679;-0.043564
231;-0.922318;0.339478;-0.108231
232;-1.162170;0.478867;-0.107773
233;-1.246216;0.541763;-0.134003
234;-1.359238;0.594482;-0.080963
235;-1.299286;0.513580;-0.076721
236;-1.287842;0.507324;-0.064880
237;-1.280502;0.673965;0.050095
238;-1.213394;0.752167;0.019760
239;-0.996384;0.580597;-0.098587
240;-0.909225;0.573059;-0.059509
241;-0.756729;0.486389;-0.076126
242;-0.688766;0.445633;-0.083755
243;-0.610901;0.385269;-0.076141
244;-0.608719;0.419754;-0.073288
245;-0.677887;0.556625;-0.054916
246;-0.702637;0.569183;-0.058945
247;-1.037018;0.825928;0.093384
248;-1.181503;0.746094;0.043304
249;-1.439194;0.727554;0.038895
250;-1.520004;0.672012;0.046967
251;-1.347031;0.511993;-0.028046
252;-1.135696;0.414474;-0.111771
253;-0.928040;0.363434;-0.102554
254;-0.848877;0.397385;-0.079742
255;-0.899323;0.392761;-0.053131
256;-0.905334;0.305603;-0.024307
257;-1.033661;0.351257;-0.094360
258;-1.152191;0.510559;-0.141006
259;-1.222610;0.611359;-0.183090
260;-1.311035;0.745163;-0.152100
261;-1.250381;0.610519;-0.134567
262;-1.473511;0.940521;-0.078644
263;-1.510452;1.117920;-0.068497
264;-1.318130;0.976425;-0.101379
265;-1.077789;0.780411;-0.081100
266;-0.835434;0.707413;-0.053696
267;-0.606369;0.517319;-0.023026
268;-0.516800;0.405991;0.003372
269;-0.463745;0.333099;-0.001541
270;-0.582275;0.432877;0.014969
271;-0.592194;0.450623;-0.035004
272;-0.964600;0.695267;0.062439
273;-1.089737;0.734344;-0.002792
274;-1.347427;0.708435;-0.033966
275;-1.700684;0.807327;0.141220
276;-1.498520;0.557068;0.119980
277;-1.292282;0.494629;0.014267
278;-1.119980;0.429413;-0.048279
279;-1.086395;0.435638;-0.072372
280;-1.041809;0.379395;-0.079712
281;-1.093277;0.296051;-0.080872
282;-1.273941;0.346405;-0.076172
283;-1.355881;0.256531;-0.136673
284;-1.453217;0.259293;-0.103516
285;-1.316055;0.238174;-0.060257
286;-1.285110;0.377319;-0.049286
287;-1.467377;0.642563;0.012665
288;-1.759079;0.937317;0.039642
289;-1.669952;1.155273;-0.011703
290;-1.347961;0.976944;-0.043732
291;-1.033829;0.775391;-0.020020
292;-0.732376;0.569870;-0.034409
293;-0.594299;0.428955;-0.061722
294;-0.582703;0.367554;-0.055344
295;-0.582550;0.396805;-0.073715
296;-0.611252;0.500183;-0.057831
297;-0.791672;0.675156;0.027252
298;-0.918991;0.679718;0.069366
299;-1.251968;0.621155;0.141968
300;-1.594025;0.754776;0.332520
301;-1.570999;0.606125;0.095657
302;-1.313049;0.526016;-0.253845
303;-1.244873;0.561707;-0.350800
304;-1.157898;0.578018;-0.349869
305;-1.090729;0.467712;-0.282852
306;-1.092758;0.342621;-0.240723
307;-1.270966;0.298752;-0.212341
308;-1.331528;0.226410;-0.194244
309;-1.411057;0.264984;-0.227844
310;-1.346817;0.255341;-0.284927
311;-1.349747;0.298218;-0.263748
312;-1.564972;0.673935;-0.165497
313;-1.764725;0.841736;-0.176285
314;-1.558502;0.979599;-0.161758
315;-1.473831;0.845856;-0.141022
316;-1.219925;0.721725;-0.085709
317;-0.987366;0.604813;-0.149536
318;-0.859512;0.508255;-0.179245
319;-0.699738;0.421844;-0.160095
320;-0.666626;0.460571;-0.121765
321;-0.550034;0.431488;-0.106079
322;-0.622696;0.521759;-0.006638
323;-0.700607;0.493378;-0.030975
324;-0.982193;0.509872;-0.010635
325;-1.416428;0.711685;0.135330
326;-1.690384;0.705124;0.111420
327;-1.568909;0.624329;-0.006195
328;-1.551102;0.498779;-0.075027
329;-1.448135;0.465363;-0.038910
330;-1.234268;0.346512;0.044449
331;-1.181274;0.260666;0.107727
332;-1.264969;0.206924;0.125824
333;-1.370056;0.195602;0.037476
334;-1.400375;0.200043;-0.138855
335;-1.360580;0.149445;-0.225769
336;-1.233261;0.150574;-0.140320
337;-1.522507;0.512375;0.003296
338;-1.847153;0.867233;0.081818
339;-1.738480;0.923172;0.011124
340;-1.581741;0.929276;-0.005951
341;-1.201950;0.814774;-0.079559
342;-0.888382;0.598740;-0.135452
343;-0.675323;0.438660;-0.174225
344;-0.543304;0.387863;-0.118774
345;-0.513046;0.397110;-0.099228
346;-0.601715;0.458588;-0.073441
347;-0.753693;0.548996;-0.020187
348;-0.997406;0.563263;-0.081711
349;-1.345383;0.645432;-0.072311
350;-1.703033;0.682892;-0.008072
351;-1.608551;0.539139;-0.077652
352;-1.431824;0.334717;-0.209244
353;-1.485260;0.193298;-0.301788
354;-1.387207;0.140808;-0.165985
355;-1.375931;0.065338;-0.095154
356;-1.351349;-0.075089;-0.285187
357;-1.597260;-0.312195;-0.394852
358;-1.518860;-0.564209;-0.438370
359;-1.439178;-0.513016;-0.296356
360;-1.842377;-0.124054;-0.201233
361;-3.124374;0.962662;-0.587112
362;-3.097565;1.733887;-0.859329
363;-1.615570;1.265656;-0.682404
364;-0.372528;2.074097;-0.300766
365;0.743774;1.807755;-0.190720
366;0.560944;1.592072;-0.357300
367;-0.284576;0.968750;-0.071533
368;-1.430145;0.655075;0.299591
369;-3.473740;0.007355;-0.038223
370;-3.124985;-0.947571;0.073059
371;-1.437973;-1.236511;-0.006409
372;0.428925;-1.135574;-0.366608
373;0.840302;-1.060959;-0.465729
374;0.430206;-0.955475;-0.611969
375;-0.847366;-1.180099;-0.549866
376;-1.879257;-1.571762;-0.274078
377;-3.773041;-1.886597;-0.035553
378;-3.400635;-0.920166;-0.307114
379;-1.935272;0.611832;-0.277908
380;-1.062927;1.658844;-0.108459
381;-0.559586;1.872330;0.448425
382;-0.783630;1.376831;0.082352
383;-1.627258;0.003693;0.210648
384;-3.654022;-2.689987;0.542953
385;-1.897858;-3.320679;-0.585983
386;0.621170;-1.774612;-0.454681
387;1.385651;-1.144150;-0.566757
388;1.239258;-0.504715;-0.415192
389;0.324463;-0.771835;-0.457214
390;-0.906616;-2.247177;-0.476608
391;-3.124939;-4.503891;-0.216064
392;-3.484879;-1.879654;-0.399689
393;-1.426453;0.790756;-0.537933
394;-0.841797;1.607193;0.309464
395;-0.534317;1.432175;0.382614
396;-0.679169;0.804962;0.151535
397;-1.302811;0.409515;0.186874
398;-2.834396;-1.612595;0.248779
399;-3.907898;-4.035629;-0.713928
400;-0.622284;-2.103012;-0.255463
401;0.378204;-0.941269;-0.406281
402;1.132553;-0.462799;-0.529510
403;1.081757;-0.373459;-0.259094
404;0.647034;-0.392593;-0.335754
405;-0.212311;-1.343750;-0.400421
406;-1.811829;-3.826431;-0.592529
407;-2.827682;-3.471069;-0.173920
408;-1.699493;-0.625076;-0.311066
409;-0.951050;1.071884;-0.041046
410;-0.653290;1.305344;0.278442
411;-0.580917;1.049667;0.313400
412;-0.723022;0.459244;0.250397
413;-1.237762;-0.174561;0.183197
414;-3.368607;-3.386795;-0.318329
415;-1.900726;-3.390549;-0.288391
416;0.202301;-1.493088;-0.177841
417;0.808777;-0.648621;-0.557434
418;1.248901;-0.305954;-0.178574
419;0.810257;-0.406937;-0.260284
420;0.095901;-1.308014;-0.478897
421;-1.331482;-3.233566;-0.488983
422;-2.040848;-3.651993;-0.235931
423;-2.020126;-1.253510;-0.216797
424;-1.090836;1.053818;-0.199142
425;-0.814560;1.827026;0.169846
426;-0.785721;1.463440;0.347733
427;-1.409851;0.882782;0.284866
428;-3.052460;-1.301880;-0.120560
429;-4.572021;-4.555161;-0.261353
430;-0.667358;-2.469437;-0.067810
431;0.753952;-1.155777;-1.047897
432;1.375748;-0.696884;-0.831253
433;1.024399;-0.451050;-0.639023
434;0.365509;-0.726257;-0.575104
435;-0.805206;-2.244278;-0.608688
436;-3.158264;-3.859940;-0.312897
437;-2.611328;-1.689987;0.105072
438;-1.148361;0.256104;-0.128693
439;-0.795837;1.154831;-0.015808
440;-0.548035;1.501801;0.276352
441;-0.557678;0.842728;0.113022
442;-1.012299;0.118622;0.203796
443;-2.786621;-2.490082;-0.014954
444;-2.514130;-3.529648;-0.458420
445;-0.382263;-1.842010;0.152405
446;0.590881;-1.038208;-0.605362
447;1.149200;-0.709274;-0.553757
448;1.048492;-0.469193;-0.400772
449;0.443741;-0.842468;-0.414917
450;-1.070892;-3.019958;-0.158493
451;-2.165146;-3.676147;-0.184372
452;-1.925079;-1.398804;-0.210022
453;-1.027634;0.425217;-0.268066
454;-0.702011;1.229004;0.040070
455;-0.724167;1.322998;0.303192
456;-0.615723;0.748642;0.199692
457;-1.135071;0.148315;0.174210
458;-3.043579;-2.211533;-0.085861
459;-3.436096;-3.513931;-0.312576
460;-0.580933;-2.222885;0.301620
461;0.826218;-1.364517;-0.816742
462;1.440216;-1.058395;-0.884583
463;1.199005;-0.645233;-0.662994
464;0.138474;-0.705399;-0.544037
465;-1.628708;-3.051422;-0.223389
466;-3.224121;-3.730927;0.845352
467;-2.273453;-1.178680;0.289734
468;-1.065079;0.666580;-0.356842
469;-0.536987;1.605927;0.112106
470;-0.278488;1.825455;0.277725
471;-0.684235;1.298767;-0.002487
472;-1.429337;0.973282;-0.182571
473;-3.884583;0.977753;-0.495544
474;-5.661835;-0.858276;-2.149063
475;-3.357559;-0.954498;-0.791641
476;-1.926712;-0.452271;-0.937225
477;-1.306732;-0.358612;-0.873840
478;-1.201950;-0.775543;-0.395782
479;-1.009644;-1.141312;-0.361542
480;-1.488800;-1.031998;-0.463470
481;-2.080826;-0.310989;-1.005157
482;-2.830627;0.892487;-0.602310
483;-2.830887;2.158691;0.309052
484;-2.303421;1.779694;-0.253128
485;-1.573975;1.714020;-0.263000
486;-0.638992;1.060974;0.050095
487;-0.821167;0.897034;0.012360
488;-0.485977;0.688400;0.022690
489;-0.696091;0.764069;-0.017197
490;-0.788208;0.754623;-0.035263
491;-0.719604;0.684143;-0.146820
492;-0.893631;0.827927;-0.252457
493;-1.277710;0.969925;-0.083817
494;-1.543488;0.962265;0.090714
495;-1.579773;0.971146;0.019485
496;-1.816681;0.939148;0.081879
497;-1.812561;0.670609;-0.045135
498;-1.651352;0.464737;-0.211288
499;-1.455399;0.459763;-0.116882
500;-1.288040;0.355789;-0.091019
501;-1.423248;0.347473;-0.253189
502;-1.369904;0.170166;-0.482971
503;-1.448822;0.608612;-0.314438
504;-1.319061;0.798630;-0.217834
505;-1.290024;0.888870;-0.219589
506;-1.208847;0.964233;-0.159073
507;-1.176804;0.904724;-0.106140
508;-1.167160;0.790726;-0.067535
509;-1.136581;0.693451;-0.059708
510;-0.956451;0.546173;-0.090942
511;-0.840271;0.531052;-0.107803
512;-0.762619;0.545364;-0.099747
513;-0.736130;0.530716;-0.043365
514;-0.638336;0.428543;0.021942
515;-0.652420;0.407852;0.049316
516;-1.063171;0.669357;0.071289
517;-1.091476;0.731476;0.173080
518;-1.106537;0.730927;-0.058472
519;-1.189041;0.823532;-0.133408
520;-1.297928;0.765045;-0.155960
521;-1.345001;0.691833;-0.142471
522;-1.333710;0.586090;-0.139008
523;-1.342697;0.507874;-0.049301
524;-1.319016;0.379471;-0.005249
525;-1.327621;0.375458;-0.138107
526;-1.306168;0.191467;-0.293518
527;-1.309631;0.303055;-0.239944
528;-1.315643;0.565872;-0.173157
529;-1.350327;0.744186;-0.131790
530;-1.271408;0.808960;-0.148743
531;-1.267700;0.890015;-0.122147
532;-1.185074;0.848877;-0.126297
533;-1.093903;0.780960;-0.113007
534;-0.974594;0.733215;-0.113190
535;-0.884705;0.709824;-0.100372
536;-0.749786;0.664124;-0.104767
537;-0.694794;0.645493;-0.046539
538;-0.550766;0.522522;0.025665
539;-0.795959;0.600479;0.109085
540;-0.837418;0.652695;0.181641
541;-1.015060;0.632507;0.222961
542;-0.891449;0.565689;0.147354
543;-1.033478;0.635468;0.255920
544;-1.268799;0.795715;0.181351
545;-1.400574;0.885300;-0.001938
546;-1.559097;0.748886;-0.095230
547;-1.598160;0.564072;-0.209717
548;-1.525833;0.660583;-0.226944
549;-1.210770;0.353729;-0.252487
550;-1.229919;0.416550;-0.191299
551;-1.154861;0.518997;-0.165665
552;-1.115631;0.597931;-0.095169
553;-1.027664;0.671341;-0.026199
554;-1.029007;0.724792;-0.003342
555;-1.019943;0.705902;0.045135
556;-1.003906;0.669327;0.024353
557;-0.941589;0.621902;-0.021423
558;-0.975311;0.683685;0.005325
559;-0.887665;0.627869;-0.036026
560;-1.132614;0.876541;0.003540
561;-0.773804;0.701813;0.002731
562;-0.589554;0.715149;0.040710
563;-0.831665;0.752213;0.162704
564;-0.764053;0.594360;0.270004
565;-0.803238;0.596130;0.162949
566;-0.909592;0.604034;0.070480
567;-1.134781;0.709381;0.048660
568;-1.255707;0.618774;0.038437
569;-1.360825;0.469955;0.030075
570;-1.315613;0.380325;-0.059387
571;-1.220795;0.395935;-0.049652
572;-1.131287;0.489639;-0.049820
573;-1.148788;0.715225;0.007721
574;-0.784668;0.587280;-0.167404
575;-0.815613;0.705215;-0.126251
576;-0.885269;0.805771;-0.060425
577;-0.729584;0.846771;0.036026
578;-0.729324;0.955643;-0.027039
579;-0.665176;0.961151;0.008423
580;-0.808960;1.021088;0.100433
581;-0.664948;0.725449;0.015884
582;-0.895462;0.749130;-0.039185
583;-0.637863;0.624847;-0.007294
584;-0.673553;0.537750;-0.050018
585;-0.673111;0.526108;-0.026840
586;-0.730637;0.465454;-0.021072
587;-0.769531;0.452667;0.005157
588;-0.924500;0.516434;0.028809
589;-1.056335;0.551147;0.016113
590;-1.043594;0.474823;-0.085449
591;-1.030731;0.426697;-0.127060
592;-1.041473;0.455368;-0.099640
593;-0.985245;0.462891;-0.096436
594;-0.922852;0.418945;-0.072205
595;-0.929016;0.404160;-0.043945
596;-0.908386;0.417740;-0.046494
597;-0.932892;0.456558;-0.035812
598;-0.903458;0.464233;-0.015259
599;-0.892273;0.492142;0.006485
600;-0.826035;0.482239;-0.001831
601;-0.894394;0.634674;0.025345
602;-0.796448;0.677795;0.061798
603;-0.592316;0.701462;0.051758
604;-0.662201;0.812424;0.039368
605;-0.794937;0.839539;0.034073
606;-0.749924;0.759033;-0.010391
607;-0.815125;0.678528;-0.002228
608;-0.944397;0.709106;-0.013046
609;-1.009918;0.697128;-0.036713
610;-1.142151;0.668228;-0.052124
611;-1.200729;0.586639;-0.061234
612;-1.215256;0.513519;-0.117096
613;-1.195084;0.451553;-0.201065
614;-1.275650;0.390900;-0.220993
615;-1.156311;0.255219;-0.184372
616;-1.105469;0.501450;-0.074326
617;-1.237488;0.764862;-0.077972
618;-1.484848;0.927460;-0.213928
619;-1.430756;0.953094;-0.226013
620;-1.245590;0.961700;-0.184311
621;-1.067902;0.921204;-0.096451
622;-0.873016;0.768097;-0.084305
623;-0.686462;0.592987;-0.096680
624;-0.675568;0.576462;-0.041931
625;-0.763245;0.766281;-0.003510
626;-0.693726;1.027283;0.058533
627;-0.665344;1.014893;-0.021240
628;-0.904068;0.944565;-0.105042
629;-1.220886;0.864746;0.051941
630;-1.284409;0.804337;0.149765
631;-1.395966;0.779892;0.042908
632;-1.469345;0.769226;-0.114304
633;-1.439590;0.648315;-0.268692
634;-1.285309;0.498642;-0.203888
635;-1.206619;0.405151;-0.071396
636;-1.209869;0.380844;0.019562
637;-1.227600;0.306076;-0.083221
638;-1.260315;0.286987;-0.207687
639;-1.232941;0.212067;-0.287918
640;-1.438034;0.562256;-0.126923
641;-1.521317;0.919174;-0.152252
642;-1.765686;1.094208;-0.241318
643;-1.578644;1.159775;-0.141342
644;-1.282440;1.153427;-0.209534
645;-1.083008;1.006134;-0.152878
646;-0.854034;0.779144;-0.133057
647;-0.720062;0.596039;-0.109436
648;-0.642471;0.544617;-0.070236
649;-0.595032;0.608032;-0.022919
650;-0.632355;0.700256;0.025070
651;-0.621521;0.581329;0.038467
652;-0.905228;0.678864;0.079788
653;-1.174973;0.752274;0.193863
654;-1.213364;0.599258;0.215714
655;-1.134201;0.618958;0.073303
656;-1.211044;0.673126;-0.059525
657;-1.327423;0.742294;-0.110718
658;-1.293655;0.732025;-0.203979
659;-1.405121;0.657486;-0.204071
660;-1.546906;0.620361;-0.146759
661;-1.520401;0.433411;-0.179199
662;-1.559921;0.339462;-0.191254
663;-1.334778;0.096756;-0.191315
664;-1.265518;0.363434;-0.023941
665;-1.303635;0.559494;-0.020370
666;-1.324112;0.774216;-0.085480
667;-1.206406;0.826736;-0.171707
668;-1.264709;0.897690;-0.130417
669;-1.256821;0.905075;-0.131088
670;-1.133270;0.843658;-0.147797
671;-0.972244;0.752579;-0.134003
672;-0.837448;0.753799;-0.128220
673;-0.603149;0.637131;-0.117004
674;-0.649139;0.728348;0.003952
675;-0.568451;0.481949;-0.021347
676;-0.872879;0.719070;0.107590
677;-0.947739;0.691330;0.113007
678;-0.856262;0.612732;0.124863
679;-0.831650;0.571869;0.016098
680;-1.090195;0.742859;0.026459
681;-1.339767;0.873611;-0.003036
682;-1.560471;0.909164;-0.107986
683;-1.683563;0.689804;-0.186539
684;-1.692047;0.552994;-0.219711
685;-1.365479;0.381210;-0.179810
686;-1.228104;0.284485;-0.132812
687;-1.277664;0.234985;-0.238342
688;-1.306854;0.399323;-0.262009
689;-1.388809;0.602249;-0.221725
690;-1.379105;0.712646;-0.077240
691;-1.308060;0.872620;-0.105347
692;-1.255417;0.975159;-0.081131
693;-1.187408;0.932159;-0.089813
694;-1.032928;0.796326;-0.120224
695;-0.906662;0.719711;-0.114380
696;-0.806000;0.705353;-0.113235
697;-0.624741;0.563400;-0.094177
698;-0.709290;0.740417;0.048950
699;-0.742630;0.695465;0.035614
700;-0.800430;0.703949;0.097092
701;-0.884186;0.661377;0.158661
702;-0.811920;0.580551;0.063675
703;-0.941772;0.668030;0.021774
704;-1.178848;0.825897;0.008759
705;-1.391449;0.890793;-0.069321
706;-1.603928;0.868912;-0.151733
707;-1.732193;0.652618;-0.253036
708;-1.588730;0.517319;-0.232986
709;-1.240494;0.384796;-0.161774
710;-1.118942;0.206665;-0.165009
711;-1.366318;0.209869;-0.295898
712;-1.411057;0.346954;-0.344513
713;-1.423935;0.625504;-0.268982
714;-1.320679;0.693619;-0.129303
715;-1.309372;0.865677;-0.060852
716;-1.272827;0.986191;-0.022125
717;-1.223984;0.987625;-0.012207
718;-1.122635;0.891693;0.007065
719;-1.038620;0.882996;0.010834
720;-0.836243;0.889389;0.045425
721;-0.772232;1.267609;0.126984
722;-0.358932;0.653168;-0.104660
723;-0.571686;0.876450;0.086182
724;-0.765579;0.729813;0.175278
725;-0.752869;0.539764;0.168381
726;-0.828384;0.614746;0.069794
727;-1.043854;0.774841;0.017731
728;-1.377213;1.032745;0.014923
729;-1.547821;0.969650;-0.065674
730;-1.626862;0.697021;-0.142441
731;-1.628372;0.624756;-0.151886
732;-1.380478;0.570618;-0.151428
733;-1.233978;0.417068;-0.176300
734;-1.255112;0.209915;-0.249496
735;-1.235840;0.371643;-0.201797
736;-1.270279;0.542664;-0.150742
737;-1.257782;0.657455;-0.003159
738;-1.304443;0.826874;0.022385
739;-1.304550;0.956497;-0.005554
740;-1.239090;0.970398;-0.044693
741;-1.077820;0.893616;-0.079239
742;-0.932571;0.824539;-0.079590
743;-0.784363;0.741348;-0.104309
744;-0.608444;0.583099;-0.090286
745;-0.687134;0.720078;0.069092
746;-0.661987;0.666946;0.073120
747;-0.747635;0.605804;0.046524
748;-0.829849;0.622879;0.097488
749;-0.781738;0.591858;0.094772
750;-0.899918;0.651855;0.070404
751;-1.099686;0.680389;0.031189
752;-1.458618;0.833618;-0.075058
753;-1.674210;0.881638;-0.120697
754;-1.648483;0.520432;-0.303619
755;-1.557632;0.526138;-0.164368
756;-1.444092;0.655914;-0.069046
757;-1.097839;0.272171;-0.113327
758;-1.148682;0.303192;-0.125977
759;-1.187729;0.490036;-0.167343
760;-1.165268;0.486267;-0.156998
761;-1.135315;0.589981;-0.066147
762;-1.138168;0.738602;-0.065231
763;-1.169006;0.821136;-0.066422
764;-1.129105;0.793320;-0.044006
765;-1.019135;0.743835;-0.040207
766;-0.933914;0.724548;-0.047470
767;-0.893005;0.764450;-0.054291
768;-0.897629;0.780228;-0.033813
769;-0.680420;0.749115;0.047775
770;-0.559448;0.639130;0.040085
771;-0.645416;0.702026;0.113876
772;-0.825302;0.689819;0.150009
773;-0.916718;0.629761;0.071396
774;-0.999451;0.690491;0.015747
775;-1.150177;0.750763;0.025986
776;-1.347382;0.824738;-0.031326
777;-1.513702;0.722443;-0.061844
778;-1.598846;0.559830;-0.079361
779;-1.430710;0.405792;-0.104767
780;-1.474319;0.577301;-0.023453
781;-1.219162;0.182510;-0.137238
782;-1.223801;0.342163;-0.069244
783;-1.295486;0.514297;-0.072144
784;-1.362366;0.756699;-0.094513
785;-1.400070;0.988159;-0.145996
786;-1.372482;1.070908;-0.217499
787;-1.309982;1.066833;-0.084869
788;-1.143539;0.881897;-0.133255
789;-0.981781;0.667053;-0.235077
790;-1.106003;0.527588;-0.207291
791;-0.855606;0.413406;-0.367035
792;-0.665482;0.257492;-0.462296
793;-0.643829;0.079269;-0.515793
794;-0.560349;-0.032150;-0.879471
795;-0.495804;-0.006622;-0.985687
796;-0.269669;-0.096207;-0.883789
797;-0.254196;-0.189346;-0.735931
798;-0.221848;-0.298126;-0.639603
799;-0.198441;-0.272995;-0.817413
800;-0.057159;-0.282745;-0.863708
801;-0.082718;-0.309143;-0.959839
802;-0.093475;-0.395599;-0.898804
803;-0.069565;-0.450623;-0.780457
804;-0.032730;-0.449249;-0.730484
805;0.068466;-0.367950;-0.556503
806;-0.055405;-0.108841;-0.576248
807;-0.084717;-0.033859;-0.093185
808;0.036743;0.045822;-0.886902
809;-0.146378;0.117691;-1.421371
810;0.050781;0.094406;-1.421997
811;-0.085739;0.171997;-1.271362
812;-0.089706;-0.184113;-0.972656
813;-0.035889;-0.294662;-0.800018
814;0.009888;-0.326279;-0.850555
815;0.014252;-0.319855;-0.861267
816;0.002670;-0.394089;-0.813049
817;-0.030823;-0.375626;-0.818085
818;-0.045959;-0.419128;-0.845474
819;0.020844;-0.411270;-0.815201
820;0.028641;-0.408020;-0.882706
821;0.038834;-0.443375;-0.809113
822;0.045197;-0.450531;-0.805679
823;-0.000183;-0.475357;-0.800278
824;-0.021881;-0.485382;-0.830032
825;-0.020508;-0.502777;-0.847748
826;-0.027710;-0.504974;-0.897095
827;-0.013992;-0.516541;-0.889053
828;0.015228;-0.507339;-0.870331
829;0.020706;-0.508362;-0.858017
830;0.021683;-0.516205;-0.809616
831;0.023499;-0.501709;-0.841309
832;0.028046;-0.497879;-0.836533
833;0.023605;-0.508575;-0.864609
834;0.023804;-0.504578;-0.866852
835;0.025452;-0.512878;-0.860855
836;0.013153;-0.520203;-0.855331
837;0.007370;-0.503677;-0.869385
838;0.019562;-0.517532;-0.826416
839;0.011566;-0.513245;-0.859238
840;0.030823;-0.504196;-0.842026
841;0.014755;-0.518280;-0.858002
842;0.015732;-0.509888;-0.865479
843;0.023849;-0.507904;-0.855606
844;0.021805;-0.508301;-0.864182
845;0.021454;-0.512650;-0.844040
846;0.033722;-0.516068;-0.859039
847;0.020645;-0.514465;-0.867737
848;0.020035;-0.513153;-0.859207
849;0.020767;-0.503220;-0.863525
850;0.026596;-0.512436;-0.837860
851;0.030899;-0.508728;-0.837662
852;0.033234;-0.509918;-0.848679
853;0.035507;-0.507156;-0.855286
854;0.030914;-0.491531;-0.858063
855;0.027481;-0.505203;-0.854095
856;0.039993;-0.500900;-0.854767
857;0.043900;-0.494247;-0.870956
858;0.042511;-0.494507;-0.858978
859;0.048920;-0.478622;-0.885498
860;0.055756;-0.477173;-0.882874
861;0.046463;-0.481735;-0.877045
862;0.043854;-0.486099;-0.872757
863;0.052490;-0.486954;-0.854004
864;0.049545;-0.490982;-0.867752
865;0.046555;-0.490753;-0.865372
866;0.039612;-0.490524;-0.873322
867;0.037949;-0.480972;-0.877075
868;0.041199;-0.482498;-0.873276
869;0.043671;-0.485001;-0.856369
870;0.040710;-0.489410;-0.857880
871;0.023422;-0.490784;-0.865417
872;0.040207;-0.498718;-0.862747
873;0.062271;-0.491684;-0.864639
874;0.065079;-0.496872;-0.879883
875;0.076996;-0.473480;-0.878326
876;0.075516;-0.481262;-0.871872
877;0.079437;-0.476532;-0.868866
878;0.074341;-0.481186;-0.860657
879;0.070328;-0.469269;-0.863541
880;0.072876;-0.466110;-0.873459
881;0.072403;-0.469803;-0.875015
882;0.056961;-0.471130;-0.883987
883;0.070511;-0.468704;-0.876587
884;0.067215;-0.481461;-0.871948
885;0.060593;-0.462616;-0.881760
886;0.072311;-0.473694;-0.863815
887;0.069107;-0.460129;-0.879547
888;0.072678;-0.453522;-0.887054
889;0.080170;-0.448608;-0.874664
890;0.080017;-0.467789;-0.874954
891;0.069244;-0.468048;-0.877380
892;0.067825;-0.476440;-0.876068
893;0.078552;-0.469437;-0.879852
894;0.078369;-0.471085;-0.871048
895;0.062286;-0.466232;-0.878342
896;0.032928;-0.478302;-0.877686
897;0.173264;-0.427765;-0.792343
898;0.082947;-0.478104;-0.930695
