index;x;y;z
0;0.038116;-0.294647;-0.999771
1;-0.046173;-0.348160;-0.847549
2;-0.029358;-0.524536;-0.739273
3;-0.032791;-0.462097;-0.829254
4;0.008926;-0.472000;-0.788849
5;0.012405;-0.523987;-0.762238
6;0.038055;-0.550339;-0.800537
7;-0.000366;-0.535843;-0.830917
8;0.018066;-0.523453;-0.816925
9;-0.003433;-0.546967;-0.816055
10;-0.014999;-0.534317;-0.854630
11;-0.007431;-0.543503;-0.844269
12;-0.012924;-0.567459;-0.831390
13;0.008850;-0.564117;-0.820862
14;0.014084;-0.566528;-0.810577
15;0.013824;-0.560699;-0.810333
16;0.022659;-0.549957;-0.812378
17;0.014282;-0.556396;-0.810165
18;0.014923;-0.562439;-0.811676
19;0.002457;-0.568024;-0.800049
20;-0.013870;-0.577957;-0.804764
21;-0.008224;-0.591660;-0.794128
22;-0.011688;-0.584305;-0.817368
23;-0.005829;-0.590027;-0.800690
24;-0.007721;-0.591934;-0.798538
25;0.002167;-0.580032;-0.797165
26;0.005646;-0.578079;-0.814728
27;0.009338;-0.584778;-0.772598
28;0.018509;-0.591507;-0.770004
29;0.008316;-0.605103;-0.759323
30;-0.055771;-0.573471;-0.630798
31;-0.045578;-0.507874;-0.384872
32;-0.016388;-0.199219;-0.298828
33;0.331345;-0.576096;-0.751724
34;0.214783;-0.257080;-0.900879
35;0.553299;-0.393860;-0.380051
36;-0.237000;-0.229904;-0.345459
37;-0.117050;-0.244400;-0.281326
38;-0.382828;-0.200302;-0.374741
39;-0.512421;0.226105;-0.411697
40;-0.952682;0.605072;-0.464722
41;-1.194031;1.376297;-0.335815
42;-1.717026;2.206635;-0.203781
43;-1.900208;1.821564;-0.783142
44;-1.427414;1.192780;-0.611191
45;-0.978317;0.841339;-0.364395
46;-0.784668;0.614471;-0.262589
47;-0.723953;0.377533;-0.246185
48;-0.773499;0.341965;-0.259552
49;-0.715805;0.325256;-0.331543
50;-0.756744;0.271973;-0.379623
51;-0.828888;0.262238;-0.437943
52;-1.054810;0.415039;-0.342224
53;-1.296509;0.592957;-0.352325
54;-1.492493;0.787811;-0.335663
55;-1.332611;0.756027;-0.368164
56;-1.535309;0.993332;-0.336121
57;-1.477997;1.185150;-0.198456
58;-1.290604;1.070023;-0.200226
59;-1.005981;0.891510;-0.094818
60;-0.844086;0.739273;-0.078140
61;-0.746933;0.611755;-0.080170
62;-0.613525;0.527100;-0.081436
63;-0.528427;0.509628;-0.110382
64;-0.507721;0.615768;-0.058487
65;-0.522949;0.657608;-0.096909
66;-0.634521;0.790329;0.019760
67;-0.840134;0.856125;-0.019684
68;-1.091110;0.957428;0.021896
69;-1.250702;0.988724;0.066193
70;-1.223068;1.000961;-0.140427
71;-1.167633;0.998505;-0.196884
72;-1.378601;1.117737;-0.136871
73;-1.343323;0.966599;-0.187073
74;-1.352188;0.768341;-0.207474
75;-1.393829;0.645081;-0.132675
76;-1.267242;0.383514;-0.271896
77;-1.360657;0.375229;-0.313232
78;-1.462097;0.429062;-0.377914
79;-1.281998;0.687836;-0.162781
80;-1.239960;0.910919;-0.223450
81;-1.273193;1.066727;-0.067734
82;-1.277771;1.165329;-0.080475
83;-1.338287;1.315155;-0.103973
84;-1.257812;1.287186;-0.100464
85;-1.059204;1.109711;-0.129227
86;-0.852310;0.996567;-0.096313
87;-0.582382;0.888275;-0.050125
88;-0.384430;0.783737;-0.045685
89;-0.388397;0.742279;0.110489
90;-0.605438;0.822922;0.122620
91;-0.672897;0.791504;0.155807
92;-0.764160;0.729431;0.147980
93;-0.771927;0.755997;0.083099
94;-0.956161;0.978424;0.033844
95;-1.255051;1.233185;-0.043457
96;-1.524048;1.363571;-0.185913
97;-1.679138;1.128433;-0.257675
98;-1.704697;0.952194;-0.199326
99;-1.334702;0.604034;-0.151413
100;-1.278320;0.592575;-0.092911
101;-1.191025;0.197189;-0.229660
102;-1.246246;0.392761;-0.256927
103;-1.187500;0.572433;-0.271698
104;-1.121063;0.709030;-0.213486
105;-1.063049;0.853287;-0.191360
106;-1.110306;1.005371;-0.074188
107;-1.135330;1.085709;-0.087280
108;-1.105209;1.052399;-0.172501
109;-1.025970;1.020447;-0.111954
110;-0.978912;1.065247;-0.068192
111;-0.675049;0.906982;-0.072479
112;-0.528641;1.168243;0.076874
113;-0.307556;0.684357;-0.060272
114;-0.590225;1.027298;0.012665
115;-0.623016;0.875107;0.068451
116;-0.706192;0.668472;0.059723
117;-0.786041;0.730927;0.066483
118;-0.955597;0.893585;0.107086
119;-1.101913;1.112534;-0.177811
120;-1.368042;1.145569;-0.077164
121;-1.522263;0.982285;-0.159790
122;-1.558182;0.717804;-0.250412
123;-1.569962;0.825333;-0.179703
124;-1.214294;0.289886;-0.219940
125;-1.130539;0.445770;-0.091248
126;-1.105347;0.573364;-0.159409
127;-1.117691;0.705811;-0.143692
128;-1.084595;0.821793;-0.145584
129;-1.142410;0.980011;-0.084442
130;-1.108124;1.042755;-0.097610
131;-1.050125;1.052216;-0.125931
132;-1.012711;1.069595;-0.089371
133;-0.949539;1.116516;-0.024963
134;-0.752731;1.498337;0.195282
135;-0.020538;0.866135;0.053146
136;-0.435165;1.057678;-0.060638
137;-0.629562;1.033813;0.128525
138;-0.826996;0.712143;0.166809
139;-0.750015;0.652557;0.065491
140;-0.872513;0.745148;0.088654
141;-1.144165;1.033279;0.047485
142;-1.544144;0.962555;-0.079926
143;-2.282547;0.624176;-0.528915
144;-2.165604;0.057846;-0.379150
145;-1.733963;-0.421951;-0.575577
146;-1.549774;-0.686493;-0.574539
147;-1.512924;-0.247269;-0.587143
148;-2.535675;0.663162;-0.687759
149;-2.931732;1.569901;-0.595734
150;-2.691406;1.977997;-0.641663
151;-1.163605;2.023834;-0.550690
152;0.555222;1.886429;-0.395218
153;0.544189;1.883331;0.325806
154;0.223145;1.362442;0.104553
155;-1.031189;1.044342;0.284286
156;-2.864471;-0.641388;0.229691
157;-3.903610;-2.594559;-0.839386
158;-0.489395;-2.040482;-0.363525
159;1.240936;-1.144318;-0.420364
160;1.489777;-0.753784;-0.332504
161;0.305435;-0.730881;-0.289749
162;-1.144821;-1.471619;-0.443817
163;-2.784653;-2.144638;-0.337601
164;-2.572388;-1.395721;-0.274612
165;-1.064743;-0.305878;0.017288
166;-0.556183;0.733032;-0.577515
167;-0.399887;1.067352;0.131714
168;-0.423492;0.868393;0.085907
169;-1.154007;0.195633;-0.240067
170;-2.034958;-1.787766;-0.268463
171;-3.197159;-2.938705;0.061386
172;-0.327286;-1.598160;0.247116
173;0.737778;-1.036331;-0.190826
174;1.323166;-0.888565;-0.209000
175;1.233322;-0.821869;-0.514130
176;-0.702835;-1.569855;-0.741150
177;-1.847687;-2.743027;-0.489899
178;-1.539215;-2.311722;-0.254684
179;-1.592667;-0.901932;-0.332825
180;-1.002274;0.742981;-0.190689
181;-0.649765;1.464127;-0.347336
182;-0.884476;1.221573;0.390900
183;-1.756760;0.481445;0.212753
184;-4.227005;-3.009262;-0.368958
185;-2.240479;-3.693954;-0.916229
186;0.593185;-1.802307;-0.640610
187;1.680817;-0.917633;-0.755783
188;1.286331;-0.557312;-0.049667
189;0.440430;-0.473648;-0.060287
190;-0.854233;-2.336609;-0.716446
191;-3.524933;-3.708817;-0.513260
192;-2.033737;-1.198700;-0.349716
193;-0.827194;0.705811;-0.700150
194;-0.432373;1.723328;0.063492
195;-0.613831;1.534714;-0.027893
196;-1.090515;0.875809;-0.069473
197;-2.493561;-1.814224;-0.418945
198;-4.052353;-4.000244;-1.338364
199;-0.258484;-1.907059;-0.048737
200;1.164139;-0.962067;-0.429047
201;1.303482;-0.508530;-0.315140
202;1.032028;-0.313766;-0.177094
203;0.212692;-0.939056;-0.214371
204;-1.515198;-2.592377;-0.769058
205;-2.602020;-2.721619;-0.746780
206;-1.248795;-0.724762;-0.211197
207;-0.376358;0.397049;-0.472641
208;-0.625381;1.056274;-0.052231
209;-0.594055;1.057587;0.265732
210;-0.758926;0.830627;-0.193268
211;-1.443726;-0.548462;-0.625061
212;-3.973587;-2.896774;-0.876846
213;-1.457794;-2.543472;-0.161148
214;0.732925;-1.477478;0.015533
215;1.157761;-0.981186;-0.141449
216;1.109772;-0.794159;0.045944
217;-0.051025;-1.081909;-0.384201
218;-0.962814;-2.492966;-0.706833
219;-2.744492;-2.930069;-0.600586
220;-1.718124;-0.771545;-0.210556
221;-0.587372;0.821060;-0.441040
222;-0.563858;1.355469;-0.216827
223;-0.489777;1.079193;0.203110
224;-1.100952;0.607635;0.054871
225;-2.013626;-1.653824;-0.394363
226;-3.244232;-3.596466;-0.953430
227;-0.628311;-1.966553;-0.251526
228;0.575348;-0.998993;-0.510147
229;0.987015;-0.578720;-0.354080
230;1.277466;-0.470490;-0.123169
231;0.388550;-0.776917;-0.423813
232;-1.175446;-2.894287;-0.983841
233;-2.998520;-3.093658;-0.061508
234;-1.376968;-0.571564;-0.219635
235;-0.403503;0.797241;-0.297379
236;-0.448242;1.148834;-0.167786
237;-0.622406;1.175552;0.196503
238;-0.907761;0.422409;0.040222
239;-2.249115;-2.082062;-0.690491
240;-2.928223;-3.121689;-1.093491
241;-0.043503;-1.495911;-0.151382
242;0.792557;-0.902374;-0.273895
243;0.972549;-0.690018;-0.106125
244;1.008194;-0.632477;-0.168427
245;0.126877;-1.168503;-0.568207
246;-1.375092;-2.895645;-0.793808
247;-2.601166;-2.532227;-0.100235
248;-1.222809;-0.320587;-0.291321
249;-0.455460;0.690094;-0.322800
250;-0.720657;1.157791;-0.033005
251;-0.597153;0.911346;0.277496
252;-1.166489;0.485321;0.023575
253;-2.365082;-2.049515;-0.442200
254;-2.808533;-3.189316;-0.953522
255;-0.153259;-1.784729;0.010010
256;0.728851;-1.067764;-0.405121
257;1.160767;-0.653641;-0.296234
258;0.923309;-0.421356;-0.206680
259;0.263412;-0.530060;-0.562439
260;-1.225739;-2.493622;-1.444885
261;-3.602463;-2.813202;-0.477432
262;-1.386429;-0.623627;-0.229599
263;-0.668060;0.740936;-0.081314
264;-0.537628;1.156235;0.052078
265;-0.498795;1.053650;0.204636
266;-0.905579;0.731262;-0.089813
267;-2.093414;-1.508850;-0.418213
268;-3.333740;-3.194794;-0.328522
269;-0.741867;-1.909790;-0.261810
270;0.661148;-0.999207;-0.439896
271;0.944397;-0.545090;-0.426208
272;1.055313;-0.488892;-0.285767
273;0.281174;-1.208115;-0.491669
274;-1.602295;-3.330078;-0.574280
275;-2.705597;-2.983704;-0.408188
276;-1.771057;-1.128448;-0.175491
277;-0.939896;0.230286;-0.153915
278;-0.458084;0.910599;-0.129425
279;-0.763565;1.369064;-0.066620
280;-0.584656;1.310501;-0.445663
281;-1.194138;0.986404;-0.382553
282;-2.437546;0.932098;-0.361603
283;-5.234711;0.647858;-0.872894
284;-4.872742;0.175095;-0.960846
285;-3.510742;-0.152390;-0.716766
286;-2.300369;-0.437653;-0.729156
287;-1.467712;-0.707809;-0.050323
288;-1.064407;-0.983597;0.132614
289;-1.042007;-1.243347;0.204773
290;-1.013489;-1.038208;0.463272
291;-1.965240;-1.002121;-0.334854
292;-2.886887;-0.245331;-0.057495
293;-3.492554;1.098862;-0.401627
294;-3.369461;1.340607;-0.827194
295;-2.832031;1.301254;-0.587433
296;-2.094955;0.936996;-0.305206
297;-1.512772;0.760330;-0.097931
298;-0.762955;0.703293;-0.017380
299;-0.619720;0.513702;0.093903
300;-0.533691;0.451218;0.075790
301;-0.659775;0.650330;0.034454
302;-1.035034;0.585983;-0.038239
303;-1.518967;0.680893;-0.079895
304;-2.102859;0.862076;-0.119797
305;-2.574387;0.876511;-0.125916
306;-2.905090;1.005798;-0.209915
307;-2.738266;0.606400;-0.537827
308;-2.399948;0.333847;-0.393814
309;-1.736618;0.124786;-0.015076
310;-1.417160;-0.165314;-0.197098
311;-1.271454;-0.431503;-0.308395
312;-1.182587;-0.535553;-0.287354
313;-1.351059;-0.511292;-0.582748
314;-1.521164;-0.113678;-0.445007
315;-1.882370;0.253281;-0.420410
316;-2.358032;0.625946;-0.449615
317;-2.533249;0.874512;-0.363220
318;-2.299088;0.918457;-0.305679
319;-2.095749;0.934021;-0.235458
320;-1.569672;0.775665;-0.179108
321;-1.079208;0.586685;-0.183640
322;-0.801285;0.418976;-0.193512
323;-0.468948;0.466232;-0.024124
324;-0.083618;0.477325;0.107956
325;-0.094467;0.439529;0.078430
326;-0.391998;0.448380;-0.041077
327;-1.047424;0.613007;-0.060760
328;-1.582672;0.796631;-0.083755
329;-2.235352;1.029770;-0.162292
330;-2.361786;0.905594;-0.314621
331;-2.385269;0.614716;-0.457001
332;-2.003998;0.422531;-0.540985
333;-1.835129;0.610947;-0.399155
334;-1.507645;0.519165;-0.292282
335;-1.345444;0.271271;-0.352798
336;-1.240967;-0.059036;-0.531433
337;-1.296646;-0.281235;-0.711853
338;-1.212204;-0.221039;-0.600311
339;-1.167221;-0.132812;-0.471909
340;-1.356537;0.026947;-0.570068
341;-1.723587;0.393723;-0.649536
342;-2.172333;0.865524;-0.573013
343;-2.294952;1.144562;-0.340149
344;-1.994186;1.032455;-0.489532
345;-1.604828;0.806610;-0.427231
346;-1.382446;0.750580;-0.379608
347;-1.034378;0.591324;-0.406448
348;-0.766266;0.452744;-0.341782
349;-0.614975;0.414795;-0.238739
350;-0.593262;0.439499;-0.153976
351;-0.429901;0.345154;-0.154541
352;-0.635590;0.457886;-0.153244
353;-0.792084;0.430450;-0.082550
354;-1.242706;0.486557;-0.085724
355;-1.751343;0.561737;-0.096039
356;-1.866776;0.458542;-0.179764
357;-1.779388;0.360291;-0.350540
358;-1.592529;0.376923;-0.443237
359;-1.660400;0.449203;-0.466888
360;-1.434082;0.245300;-0.402298
361;-1.345169;0.064270;-0.363586
362;-1.365219;-0.014603;-0.374588
363;-1.244858;-0.091248;-0.406815
364;-1.203308;-0.071777;-0.549637
365;-1.277390;-0.075455;-0.616592
366;-1.369705;0.160339;-0.509811
367;-1.564148;0.404480;-0.496246
368;-1.691605;0.623474;-0.516449
369;-1.688965;0.723587;-0.540421
370;-1.693939;0.754166;-0.446457
371;-1.491592;0.654251;-0.351730
372;-1.277115;0.621368;-0.337708
373;-0.968430;0.532059;-0.290558
374;-0.776886;0.512711;-0.222610
375;-0.553665;0.562439;-0.097076
376;-0.521439;0.535507;-0.039673
377;-0.651535;0.450302;-0.050461
378;-1.001221;0.527176;-0.048630
379;-1.234528;0.514557;0.056015
380;-1.248383;0.497620;0.108704
381;-1.371002;0.600128;-0.096970
382;-1.422089;0.695358;-0.282944
383;-1.689941;0.752640;-0.429245
384;-1.727692;0.548477;-0.501053
385;-1.649338;0.269318;-0.394562
386;-1.587646;0.252380;-0.247925
387;-1.410583;0.113892;-0.270477
388;-1.333298;-0.092224;-0.451675
389;-1.317276;-0.064453;-0.496902
390;-1.251694;0.125702;-0.370178
391;-1.305435;0.334259;-0.335419
392;-1.412460;0.506134;-0.343918
393;-1.469559;0.649963;-0.355103
394;-1.548996;0.763672;-0.286331
395;-1.513092;0.833649;-0.297638
396;-1.343079;0.770645;-0.240601
397;-1.054977;0.660904;-0.213425
398;-0.880142;0.645432;-0.200043
399;-0.697113;0.516953;-0.168488
400;-0.699295;0.596985;-0.028107
401;-0.595108;0.444824;0.027664
402;-0.774979;0.528763;0.015701
403;-0.925003;0.510620;-0.039047
404;-0.973648;0.530731;0.013107
405;-0.932953;0.543182;-0.074661
406;-1.293839;0.661545;-0.121796
407;-1.428726;0.725586;-0.240707
408;-1.667770;0.686493;-0.367126
409;-1.671234;0.465988;-0.407349
410;-1.615814;0.361435;-0.329880
411;-1.599457;0.431992;-0.287582
412;-1.335388;0.138214;-0.363754
413;-1.245148;0.158905;-0.375366
414;-1.184296;0.263733;-0.298538
415;-1.216949;0.400223;-0.250580
416;-1.228851;0.503052;-0.235413
417;-1.360809;0.710983;-0.250214
418;-1.232529;0.849655;-0.272873
419;-1.214325;0.778717;-0.197632
420;-1.073517;0.717072;-0.180634
421;-1.111710;0.844894;-0.165726
422;-0.823883;0.849121;-0.076157
423;-0.559341;0.659149;-0.034851
424;-0.618210;0.521545;-0.086563
425;-0.745575;0.482285;-0.156235
426;-1.069077;0.566254;-0.043884
427;-1.062225;0.445801;0.067093
428;-1.231277;0.393753;0.042923
429;-1.239777;0.330597;-0.090134
430;-1.170502;0.198502;-0.304901
431;-1.343704;0.203186;-0.327560
432;-1.358246;0.283554;-0.203827
433;-1.088120;0.194748;-0.144684
434;-0.921997;0.190048;-0.095932
435;-0.911163;0.250854;-0.183578
436;-0.917267;0.396927;-0.260498
437;-0.934311;0.479584;-0.270676
438;-0.794083;0.469925;-0.307297
439;-0.817795;0.513641;-0.255997
440;-0.830353;0.491699;-0.167648
441;-0.810135;0.496826;-0.161240
442;-0.833740;0.474899;-0.194046
443;-0.893951;0.424591;-0.175415
444;-0.897751;0.386597;-0.167664
445;-0.942245;0.387680;-0.161957
446;-0.940308;0.370361;-0.178482
447;-0.933441;0.361725;-0.216721
448;-0.938141;0.338196;-0.198059
449;-0.945679;0.337738;-0.166382
450;-0.935150;0.356750;-0.148209
451;-0.904236;0.346588;-0.190674
452;-0.892059;0.350601;-0.202545
453;-0.905273;0.368851;-0.189423
454;-0.894409;0.362106;-0.189087
455;-0.918335;0.359314;-0.180283
456;-0.938477;0.368027;-0.206436
457;-0.927521;0.361847;-0.104462
458;-0.908875;0.371933;-0.120209
459;-0.890381;0.375168;-0.174530
460;-0.916595;0.382385;-0.173431
461;-0.921494;0.383255;-0.141602
462;-0.915421;0.382019;-0.125015
463;-0.923996;0.375092;-0.165344
464;-0.908783;0.351303;-0.179581
465;-0.926010;0.362427;-0.168839
466;-0.899536;0.370071;-0.149628
467;-0.904297;0.371552;-0.173828
468;-0.922409;0.342133;-0.181610
469;-0.932877;0.338547;-0.182816
470;-0.917572;0.348984;-0.151993
471;-0.905884;0.353394;-0.145462
472;-0.895966;0.331482;-0.159500
473;-0.935074;0.332748;-0.163666
474;-0.943481;0.207138;-0.125946
475;-1.106171;-0.074585;-0.347610
476;-1.338257;-0.431137;-0.264694
477;-1.403992;-0.266998;-0.235016
478;-1.391388;-0.046326;-0.311279
479;-1.353149;0.068939;-0.378418
480;-1.054245;0.048782;-0.347397
481;-0.804840;0.114975;-0.220505
482;-0.672104;0.173615;-0.064056
483;-0.642517;0.217407;-0.126999
484;-0.513672;0.191696;-0.112320
485;-0.593506;0.313446;-0.101791
486;-0.702454;0.449097;-0.133652
487;-1.022095;0.616058;-0.111389
488;-1.282913;0.736343;-0.059830
489;-1.558563;0.702438;-0.038635
490;-1.525757;0.632034;-0.095062
491;-1.439087;0.514786;-0.295959
492;-1.164963;0.315048;-0.364197
493;-0.941650;0.219910;-0.332153
494;-0.873428;0.209198;-0.294510
495;-0.880020;0.188889;-0.294937
496;-0.975555;0.150528;-0.331299
497;-1.136444;0.176254;-0.349854
498;-1.283676;0.198593;-0.412903
499;-1.526474;0.393036;-0.497620
500;-1.589401;0.498718;-0.426987
501;-1.875092;0.770554;-0.275497
502;-1.876450;0.977295;-0.276840
503;-1.592560;0.972321;-0.288025
504;-1.351440;0.926178;-0.261719
505;-1.100845;0.834152;-0.179901
506;-0.902969;0.647018;-0.121597
507;-0.714218;0.523346;-0.107880
508;-0.500397;0.479874;-0.054886
509;-0.405212;0.541382;-0.047577
510;-0.434036;0.551926;-0.062027
511;-0.676071;0.673462;-0.011597
512;-0.919281;0.740707;-0.102249
513;-1.440643;1.000717;-0.083969
514;-1.833603;1.009567;-0.083344
515;-1.758484;0.801743;-0.258652
516;-1.574738;0.661316;-0.370880
517;-1.637115;0.699371;-0.310669
518;-1.444229;0.631882;-0.296097
519;-1.335831;0.435501;-0.255478
520;-1.426666;0.217651;-0.235001
521;-1.524521;-0.053253;-0.322372
522;-1.681610;0.032013;-0.419617
523;-1.474075;0.092667;-0.332260
524;-1.574280;0.490433;-0.213120
525;-1.665451;0.805511;-0.352142
526;-1.821838;1.023514;-0.336365
527;-1.894501;1.319717;-0.277878
528;-1.755035;1.375763;-0.224442
529;-1.377548;1.155807;-0.212677
530;-1.022125;0.912521;-0.142731
531;-0.663300;0.914841;-0.046021
532;-0.164047;0.813339;0.053894
533;-0.304733;0.736526;-0.027420
534;-0.617264;0.945114;0.009064
535;-0.882874;0.626221;-0.135056
536;-1.482056;0.676666;-0.010834
537;-1.863800;0.447998;-0.098389
538;-1.506638;0.291931;-0.033752
539;-1.324341;0.299210;-0.001877
540;-1.279861;0.185150;0.025162
541;-1.330276;0.111328;-0.033325
542;-1.234741;0.062332;-0.251755
543;-1.218140;0.149857;-0.350021
544;-0.994217;0.211060;-0.209549
545;-1.097214;0.384293;-0.145508
546;-1.154770;0.564713;-0.159058
547;-0.836548;0.502914;-0.203552
548;-0.721191;0.563538;-0.092422
549;-0.771896;0.558212;-0.041901
550;-0.890900;0.597305;-0.089264
551;-0.798874;0.648865;-0.066132
552;-0.749283;0.660706;-0.007217
553;-0.746826;0.609375;-0.041718
554;-0.782089;0.546402;-0.067856
555;-0.827896;0.497772;-0.079300
556;-0.863037;0.482056;-0.108917
557;-0.900085;0.507919;-0.125290
558;-0.902756;0.468109;-0.145538
559;-0.874542;0.469437;-0.224869
560;-0.822067;0.459488;-0.172165
561;-0.836166;0.443695;-0.058075
562;-0.860886;0.459717;-0.102524
563;-0.868805;0.477798;-0.129501
564;-0.845367;0.481125;-0.152069
565;-0.930801;0.309662;-0.219131
566;-1.200439;-0.367264;-0.218231
567;-1.783295;-0.742981;-0.513290
568;-2.508377;-0.500656;-0.619385
569;-2.066895;0.083252;-0.844803
570;-1.043015;1.691315;-0.536545
571;0.801300;2.813904;-0.463715
572;0.146790;2.881836;-0.609360
573;-1.314178;2.060471;0.045166
574;-2.797165;1.954391;-0.082275
575;-3.709595;0.523605;0.189499
576;-3.787704;-0.871078;-1.933075
577;-1.818680;-2.639114;-1.395889
578;-1.586029;-2.512207;-1.147263
579;-1.753769;-1.108749;-0.196701
580;-2.779449;0.418808;-0.069687
581;-3.980057;1.510452;-0.768845
582;-4.218155;1.876724;-0.653458
583;-1.769745;2.792389;-0.311111
584;0.677643;3.609818;0.361053
585;-0.111771;2.863480;-0.051620
586;-1.438141;1.392044;0.005981
587;-4.151886;-0.625015;0.225662
588;-2.641296;-1.745056;0.086700
589;-0.829178;-2.354431;-0.092010
590;1.095337;-1.725388;-0.638992
591;1.091629;-1.686371;-0.902008
592;0.443985;-1.317154;-0.589203
593;-0.996536;-1.494278;-0.467224
594;-1.718857;-2.219589;-0.879639
595;-3.168121;-2.389481;-0.786041
596;-2.561325;-0.266068;-0.500412
597;-1.265228;1.647614;-0.415848
598;-0.728409;1.837677;0.353500
599;-0.944427;1.105087;0.184067
600;-1.472641;0.139709;0.335693
601;-3.938522;-2.852982;0.106308
602;-2.044662;-3.164688;0.044800
603;0.671310;-1.924530;-0.263596
604;1.371719;-1.502136;-0.810776
605;1.334167;-0.962921;-0.715775
606;0.207718;-0.923462;-0.423233
607;-1.081711;-2.404266;-0.171173
608;-2.567429;-3.467300;0.129242
609;-2.290512;-1.495422;0.038681
610;-0.962021;0.827698;-0.308792
611;-0.677429;1.477692;-0.148102
612;-0.819977;1.317749;0.201950
613;-1.197922;0.658035;0.041641
614;-1.849472;-1.096466;-0.306931
615;-3.209549;-3.594986;-0.012695
616;-0.657852;-2.421021;0.155167
617;0.945358;-1.508347;-0.416565
618;1.380325;-1.146698;-0.513107
619;0.791946;-0.755692;-0.428772
620;-0.384171;-1.381638;-0.347900
621;-2.251251;-2.826340;-0.361069
622;-2.222687;-2.046982;0.379242
623;-0.827301;-0.190002;-0.047028
624;-0.337311;0.977997;-0.176529
625;-0.671448;1.543182;0.180588
626;-0.654724;1.169495;0.133789
627;-1.499069;0.198730;-0.390152
628;-2.865829;-2.171356;0.363800
629;-2.523422;-2.225082;-0.669525
630;-0.858200;-2.032959;0.093979
631;0.367538;-1.191940;-0.199387
632;1.141937;-0.790833;-0.403931
633;0.609711;-0.884445;-0.213821
634;-0.656372;-1.638809;-0.420105
635;-2.452621;-1.910049;-0.123367
636;-1.874237;-1.231491;0.054108
637;-1.515915;-0.503311;-0.008331
638;-0.672241;0.084885;-0.017410
639;-0.423111;0.394165;0.030243
640;-0.454346;0.395187;0.289520
641;-0.814240;0.459457;0.019714
642;-1.803009;0.408936;-0.190826
643;-2.032562;0.300262;-0.204865
644;-1.818649;0.161255;-0.379425
645;-1.512909;-0.103516;-0.202545
646;-1.311523;-0.204025;-0.155334
647;-1.240051;-0.170486;-0.343475
648;-1.258163;-0.251343;-0.324570
649;-1.277939;-0.413986;-0.278580
650;-1.333771;-0.502014;-0.191299
651;-1.721146;-0.418365;-0.076477
652;-1.615143;-0.263306;-0.054733
653;-1.682236;0.051697;-0.178360
654;-1.378830;0.222122;-0.233856
655;-1.550018;0.223190;-0.326752
656;-1.467422;0.522705;-0.113327
657;-1.195602;0.414719;-0.214645
658;-1.134186;0.477341;-0.088364
659;-0.926468;0.426208;-0.112015
660;-0.707596;0.374786;-0.067490
661;-0.521088;0.326035;-0.112228
662;-0.607910;0.263092;-0.164490
663;-0.988556;0.244461;-0.122131
664;-1.038116;0.220352;-0.055267
665;-1.245850;0.227051;-0.070374
666;-1.388275;0.284348;-0.051666
667;-1.224106;0.105469;0.005798
668;-1.160629;0.147736;0.013748
669;-1.199280;0.161423;-0.028946
670;-1.164291;0.208740;-0.117157
671;-1.115952;0.171661;-0.206329
672;-1.027023;0.133514;-0.225861
673;-1.188263;0.251450;-0.167435
674;-1.131104;0.227158;-0.135086
675;-0.959106;0.165604;-0.154099
676;-0.891129;0.231873;-0.153732
677;-0.924286;0.297424;-0.180481
678;-0.941498;0.346466;-0.202881
679;-0.928909;0.393997;-0.212051
680;-0.883682;0.420242;-0.190750
681;-0.814423;0.384079;-0.154907
682;-0.817642;0.368362;-0.149734
683;-0.882706;0.324585;-0.176651
684;-0.995163;0.133926;-0.330002
685;-1.105209;-0.227524;-0.243973
686;-1.277390;-0.231400;-0.224136
687;-1.375656;-0.207321;-0.277725
688;-1.192734;-0.137756;-0.305054
689;-1.065567;0.001068;-0.204697
690;-0.890289;0.068848;-0.163040
691;-0.789200;0.103500;-0.119919
692;-0.717896;0.124939;-0.136688
693;-0.711136;0.138916;-0.093735
694;-0.863800;0.218445;-0.114578
695;-1.099899;0.398483;-0.120285
696;-1.146103;0.498718;-0.165756
697;-1.041809;0.453583;-0.267456
698;-1.118439;0.516235;-0.254257
699;-1.010681;0.448547;-0.128632
700;-0.882462;0.412415;-0.058243
701;-0.784378;0.324478;-0.123383
702;-0.866135;0.304047;-0.154068
703;-1.064362;0.242752;-0.179062
704;-1.136292;0.135757;-0.130859
705;-1.266525;0.111374;-0.108551
706;-1.353714;0.184265;-0.116318
707;-1.586807;0.388275;-0.247482
708;-1.488113;0.321793;-0.447922
709;-1.356354;0.389267;-0.465530
710;-1.282990;0.497391;-0.368073
711;-1.245087;0.619568;-0.293442
712;-1.084381;0.569733;-0.238892
713;-0.965424;0.454346;-0.225372
714;-0.939240;0.461960;-0.184875
715;-0.876709;0.449661;-0.183685
716;-0.778137;0.488174;-0.116684
717;-0.639587;0.438278;-0.108780
718;-0.766312;0.562897;-0.108261
719;-0.907608;0.600143;-0.100113
720;-0.894150;0.579498;-0.044266
721;-0.775833;0.491440;-0.140915
722;-1.109482;0.633057;-0.109482
723;-1.254349;0.578323;0.026154
724;-1.221481;0.555008;-0.066742
725;-1.133469;0.517883;-0.247040
726;-1.195221;0.571457;-0.396378
727;-1.241074;0.487015;-0.410110
728;-1.170837;0.340912;-0.326431
729;-1.309982;0.328217;-0.230576
730;-1.345901;0.280655;-0.195328
731;-1.495255;0.317337;-0.281647
732;-1.428894;0.199463;-0.366379
733;-1.383759;0.495270;-0.246460
734;-1.359879;0.633896;-0.201752
735;-1.323547;0.714935;-0.233749
736;-1.163910;0.702866;-0.238571
737;-1.210724;0.750214;-0.160156
738;-1.149185;0.768951;-0.194153
739;-1.025391;0.712204;-0.186218
740;-0.909958;0.642731;-0.154160
741;-0.786865;0.597946;-0.181351
742;-0.563385;0.657761;-0.235687
743;-0.470444;0.673035;-0.225403
744;-0.190445;0.730026;0.103333
745;-0.220581;1.072708;0.371399
746;-1.473434;1.445435;0.121414
747;-2.678467;1.690109;-0.200821
748;-3.457596;1.356949;-0.272095
749;-3.465469;0.141800;-0.417023
750;-1.926529;-0.850357;-0.313232
751;-0.565109;-1.624573;-0.671295
752;-0.224564;-1.655441;-0.791840
753;-0.628540;-1.342575;-0.742188
754;-1.285904;-0.730148;-0.595093
755;-2.981812;-0.199280;-0.731873
756;-3.145859;0.730820;-0.821075
757;-2.247238;1.411087;-0.239655
758;-0.617874;1.647324;-0.074570
759;0.046600;1.648727;0.342331
760;-0.203674;1.229431;0.149078
761;-0.669922;0.829330;0.171204
762;-1.947159;0.617783;0.401917
763;-3.564087;-0.696396;-0.143799
764;-2.576370;-1.995529;-0.038498
765;-0.578323;-1.602493;-0.664062
766;0.348694;-1.652664;-0.695953
767;0.895782;-1.347473;-0.742371
768;-0.242645;-1.193314;-0.694580
769;-1.953232;-1.938538;-0.532700
770;-2.591248;-1.818542;-0.921860
771;-2.560898;-0.695862;-0.746277
772;-1.324478;0.807037;-0.093094
773;-0.551208;1.564621;0.096649
774;-0.811768;1.148895;0.224426
775;-0.885757;0.585876;0.281479
776;-1.724411;-0.845398;0.135712
777;-3.583008;-3.303223;0.508759
778;-1.511810;-2.527191;-0.333313
779;0.475235;-1.360123;-0.436340
780;0.936325;-0.950745;-0.417603
781;1.019852;-0.851822;-0.377838
782;0.026917;-1.150574;-0.462524
783;-1.026779;-2.433807;-0.635880
784;-1.979614;-3.296799;-0.419662
785;-2.229416;-1.394547;-0.488617
786;-1.121124;0.748779;-0.279800
787;-0.588196;1.625702;0.047455
788;-0.790146;1.533524;0.107513
789;-0.993011;0.817230;0.093994
790;-2.476181;-0.509888;-0.300568
791;-4.089035;-3.736298;-0.378250
792;-1.594574;-3.484467;0.151321
793;0.640305;-1.874634;-0.247864
794;1.454712;-1.202927;-0.394745
795;1.113892;-0.668610;-0.070129
796;0.234329;-0.804779;-0.347610
797;-1.111069;-2.537888;-0.492706
798;-2.248657;-3.339035;-0.333069
799;-2.205582;-1.492950;-0.159164
800;-1.192612;0.339600;-0.274002
801;-0.543610;1.221634;-0.226318
802;-0.463745;1.082291;0.318054
803;-0.800858;0.620361;0.139816
804;-1.519791;-0.733658;-0.064499
805;-2.914505;-3.112259;-0.444000
806;-1.500229;-2.995865;-0.294601
807;0.393799;-1.467697;-0.147675
808;0.927689;-0.794571;-0.282669
809;1.108597;-0.350601;-0.049347
810;0.614822;-0.333557;-0.068024
811;0.035751;-1.660767;-0.640503
812;-2.562485;-3.575378;-0.456619
813;-2.444092;-2.118454;0.079956
814;-1.043213;0.060013;-0.223450
815;-0.121460;1.348694;0.162384
816;-0.373520;1.541885;0.281921
817;-0.310608;1.189651;0.057327
818;-0.954697;0.899689;0.018402
819;-3.635254;0.351913;-0.879257
820;-4.449661;-1.271393;-0.498856
821;-3.048599;-0.650101;-1.130173
822;-1.506119;-0.898087;-0.677872
823;-0.580948;-0.809967;-0.744431
824;-0.029083;-0.833466;-0.713989
825;-0.189896;-0.836777;-0.636841
826;-1.258621;-0.787735;-0.735260
827;-3.110428;-0.632202;-0.584595
828;-2.596024;0.099472;-0.333618
829;-2.171143;0.488235;-0.437210
830;-1.572235;0.518219;-0.233734
831;-1.102097;0.425186;-0.095871
832;-0.915588;0.397873;-0.076279
833;-1.009338;0.398087;-0.122757
834;-1.071579;0.461716;-0.066849
835;-0.932678;0.410126;-0.063019
836;-0.584503;0.502991;-0.095551
837;-0.681519;0.620743;-0.247696
838;-1.408493;0.601868;-0.296875
839;-1.747467;0.325592;0.029755
840;-2.016769;0.424118;-0.009735
841;-2.010941;0.420197;-0.122665
842;-2.088058;0.380539;-0.341965
843;-1.907883;0.183456;-0.477737
844;-1.684372;0.062637;-0.366592
845;-1.260971;-0.121445;-0.324249
846;-1.306107;-0.068741;-0.451996
847;-1.353271;-0.043320;-0.606369
848;-1.600235;0.321960;-0.601624
849;-1.580154;0.619965;-0.464096
850;-1.633606;0.780533;-0.310669
851;-1.713272;0.951477;-0.144073
852;-1.755692;1.023041;-0.047882
853;-1.448441;0.890381;-0.113297
854;-1.162369;0.677979;-0.111877
855;-0.985687;0.542221;-0.077316
856;-0.892273;0.512909;-0.083176
857;-0.772812;0.433655;-0.015259
858;-0.752960;0.484299;0.061218
859;-0.667313;0.387726;0.040314
860;-0.884933;0.478638;0.003983
861;-1.107880;0.460876;0.043961
862;-1.123856;0.434235;0.146744
863;-1.346283;0.502731;0.118301
864;-1.637695;0.587570;0.053619
865;-1.819382;0.560150;-0.001083
866;-1.781921;0.305420;-0.233734
867;-1.623886;0.240356;-0.205978
868;-1.392212;0.209137;-0.163254
869;-1.310715;0.210861;-0.197647
870;-1.227676;0.054062;-0.356995
871;-1.434814;0.223816;-0.474457
872;-1.346375;0.388840;-0.447449
873;-1.407089;0.566452;-0.247559
874;-1.427399;0.735123;-0.131241
875;-1.560898;0.896515;-0.077866
876;-1.384827;0.947327;-0.110779
877;-1.136703;0.742905;-0.121811
878;-0.971832;0.588547;-0.104935
879;-0.974426;0.539215;-0.029541
880;-0.875610;0.454498;-0.021393
881;-0.767578;0.421677;-0.010941
882;-0.708481;0.338928;-0.053635
883;-0.828415;0.372269;-0.074219
884;-1.111313;0.473511;0.004684
885;-0.982300;0.343994;0.159027
886;-0.865356;0.361633;0.082901
887;-0.984879;0.449203;0.072876
888;-1.246231;0.571182;-0.075012
889;-1.416138;0.596390;-0.200211
890;-1.479477;0.524490;-0.310516
891;-1.636993;0.566391;-0.332077
892;-1.518478;0.345673;-0.257980
893;-1.377548;0.218979;-0.260574
894;-1.229095;0.134216;-0.196671
895;-1.169830;0.279724;-0.233444
896;-1.276321;0.426010;-0.170044
897;-1.198837;0.535690;-0.194931
898;-1.170837;0.615585;-0.134338
899;-1.117950;0.719040;-0.164139
900;-1.004333;0.658234;-0.152924
901;-0.927307;0.571762;-0.105789
902;-0.906570;0.552322;-0.093613
903;-0.968430;0.596878;-0.092834
904;-0.851089;0.503281;-0.083054
905;-0.873062;0.719345;0.064545
906;-0.589050;0.484268;-0.036041
907;-0.910751;0.678177;-0.023605
908;-1.127594;0.588028;-0.011261
909;-0.999344;0.462646;0.067902
910;-1.006683;0.434311;0.001358
911;-1.154541;0.487534;-0.058563
912;-1.297394;0.509369;-0.110641
913;-1.294174;0.423767;-0.207932
914;-1.342422;0.300400;-0.308533
915;-1.395294;0.177750;-0.267685
916;-1.544144;0.428619;-0.196152
917;-1.285538;0.218826;-0.209335
918;-1.354507;0.451370;-0.290466
919;-1.532227;0.859253;-0.301849
920;-1.464615;1.099686;-0.320038
921;-1.275299;1.128937;-0.373077
922;-1.149750;1.051437;-0.227463
923;-0.873077;0.769089;-0.280197
924;-0.903625;0.580841;-0.334030
925;-0.831451;0.406998;-0.419693
926;-0.603912;0.201630;-0.574295
927;-0.498291;0.120514;-0.574280
928;-0.035736;-0.035995;-1.414719
929;-0.203903;0.121201;-1.359344
930;-0.252304;0.166321;-1.197189
931;-0.330215;-0.145859;-0.985703
932;-0.277908;-0.367432;-0.760727
933;-0.312225;-0.222733;-0.730789
934;-0.120819;-0.600571;-0.556732
935;-0.176590;-0.357468;-0.715637
936;-0.079697;-0.394318;-0.744934
937;-0.002106;-0.252090;-0.766678
938;-0.029617;-0.327866;-1.117996
939;0.040497;-0.173767;-0.901581
940;0.157730;-0.296158;-0.681793
941;0.135147;-0.414398;-0.736923
942;0.071365;-0.446152;-0.787125
943;0.106247;-0.439285;-0.894241
944;0.126129;-0.442917;-0.855621
945;0.137375;-0.439758;-0.861237
946;0.151398;-0.418442;-0.905457
947;0.124573;-0.397202;-0.895569
948;0.174835;-0.372559;-0.928223
949;0.165329;-0.378540;-0.885742
950;0.164566;-0.373474;-0.913757
951;0.171204;-0.343628;-0.949493
952;0.169159;-0.352142;-0.906647
953;0.168396;-0.383011;-0.843063
954;0.141785;-0.372559;-0.882446
955;0.155380;-0.362518;-0.922363
956;0.160004;-0.365829;-0.923752
957;0.165924;-0.373444;-0.924973
958;0.159210;-0.385330;-0.919327
959;0.148712;-0.385162;-0.914780
960;0.138794;-0.372467;-0.939758
961;0.134247;-0.370300;-0.936935
962;0.119843;-0.376968;-0.932922
963;0.091766;-0.403412;-0.894867
964;0.096893;-0.431198;-0.857727
965;0.106079;-0.443176;-0.879288
966;0.094803;-0.444901;-0.878799
967;0.087311;-0.444885;-0.891510
968;0.081375;-0.440857;-0.896820
969;0.095978;-0.457520;-0.888458
970;0.093887;-0.448853;-0.886154
971;0.084869;-0.454758;-0.882187
972;0.141708;-0.386490;-0.788132
973;0.034195;-0.452545;-0.900269
